7.83948
6.35269
8.90972
5.87017
7.33245
7.22224
5.03189
6.11267
7.48941
5.44349
9.57561
8.21922
8.65186
7.17011
6.14271
8.90581
7.3049
5.01369
8.76283
10.2405
7.66154
7.82067
8.72632
9.11043
10.4906
9.2027
8.24656
11.3763
11.6192
11.879
7.90965
10.423
8.82842
13.3199
13.0182
11.4501
12.2449
11.427
12.9714
12.5266
9.91156
10.4281
11.0643
8.03319
12.9079
11.6592
11.6304
12.7377
12.2094
11.3507
15.3349
11.0828
11.3311
10.6674
10.3985
12.7528
9.87686
9.20419
9.71224
8.37628
10.3295
9.70651
12.6092
11.489
15.6991
15.4895
12.0635
14.4517
12.1843
9.54929
9.67013
11.6408
8.68682
7.5165
9.73333
8.02565
9.13355
8.64359
6.35667
6.53424
7.29694
7.5169
8.18313
9.18496
9.89575
8.39505
10.3667
10.7661
8.93207
9.36361
8.31232
7.755
8.73314
7.89242
7.16083
10.2887
10.606
13.8538
13.3503
13.6577
9.75635
14.4483
13.7357
13.6571
13.698
11.8913
14.2129
9.18058
5.91037
3.28074
7.112
4.53732
5.77963
3.25931
6.00965
6.04769
5.79198
9.40779
12.752
8.18113
7.15479
6.76957
9.05455
6.96835
9.18317
8.65036
8.65843
9.83268
8.80722
10.303
9.82581
13.2241
10.8119
13.0287
7.66361
11.204
11.7276
11.8549
12.3959
11.8945
9.69548
8.92095
9.72094
9.59826
10.9511
5.16776
8.45794
11.2247
7.53732
7.8453
7.21655
9.81929
10.3491
9.34043
8.38584
9.68004
10.3786
11.7833
11.0653
9.57564
10.5712
13.9408
12.9101
8.53717
14.7507
11.6716
14.1605
14.481
5.20729
4.71729
3.87889
3.57656
2.31524
5.76754
5.83732
3.65173
5.88704
3.05638
7.78194
8.32726
9.29043
8.61592
7.84366
7.3604
9.44934
9.49911
9.34398
8.2422
8.23752
7.34906
6.7798
9.06304
9.58606
5.28629
8.3909
7.31203
7.57381
7.28516
8.40466
7.6993
8.74901
7.80531
9.20488
9.65854
8.96459
8.82482
6.54054
6.56149
11.8129
9.45776
11.1761
10.9245
11.5246
10.635
7.47059
9.77914
10.7317
11.3018
7.18157
8.4243
12.0277
11.0901
9.98216
8.3161
9.39653
8.56662
8.60176
8.20699
6.35891
6.89403
7.79823
6.73425
7.0574
7.83482
7.48801
7.76239
6.80774
8.5363
10.1951
6.80639
5.85146
6.71967
5.62335
7.22274
7.81293
7.54453
6.15835
6.08122
2.93874
3.9026
0.954856
0.659088
0.306196
1.2548
1.45364
1.04858
1.0376
1.83463
7.39044
6.80477
6.72078
6.9385
7.52356
7.27293
7.40505
7.79467
7.51837
7.52519
7.92862
8.62461
8.03656
7.96482
6.88004
9.2041
6.75795
8.23139
9.43185
7.59991
8.53884
7.24594
6.40802
6.5733
6.62824
7.50606
5.74653
6.49113
5.74424
5.54277
7.65746
6.3796
6.5252
6.82759
6.59751
7.84439
6.84027
6.42474
11.3975
12.0494
9.8267
11.657
8.18278
8.40572
11.9486
10.4781
10.8159
7.84949
8.78234
12.6088
9.4795
5.60037
9.21039
9.68159
8.29594
5.25811
6.19672
7.54218
6.31376
9.56254
8.46287
7.84368
7.69715
8.01702
8.11796
5.06476
7.61146
7.12014
4.75956
7.46298
8.92302
7.88578
9.35665
9.42889
8.69009
7.89807
7.61944
8.92945
8.7147
7.8621
6.02933
5.67081
6.25093
4.21892
5.22284
4.53478
6.66173
6.15288
4.72816
4.61059
8.03259
9.95659
7.3251
10.5054
11.4428
11.659
10.1727
8.79802
13.3228
11.6573
7.29879
7.3138
5.81743
7.35065
8.74681
5.98106
8.56284
6.24596
5.67223
7.8582
8.09493
6.44015
10.5673
7.87683
6.79598
10.6999
9.03278
9.29403
9.21909
7.99785
3.2144
2.48551
1.2908
2.26574
0.8748
1.46319
1.28647
1.30311
2.06965
2.23642
12.5043
10.3733
14.4902
13.7254
10.5265
10.7664
14.9832
13.8155
8.18128
10.4309
7.17239
7.7384
7.43507
6.97924
6.43218
5.7895
5.6058
8.76531
6.83916
8.32612
6.47961
5.41895
7.43097
4.91289
6.80602
9.42046
7.77615
9.31221
7.96328
4.83883
6.62755
8.47669
7.83585
8.22941
9.74506
11.2073
6.81196
9.35828
9.5911
8.73143
9.5742
13.208
11.9021
12.0495
13.0392
12.0441
9.81634
7.82716
10.0693
9.9205
6.61022
7.26702
6.89524
11.0249
6.90818
8.33661
6.87312
9.3196
8.61927
8.92567
7.91873
5.17697
5.92127
5.80962
6.9977
7.29852
5.52042
7.18919
7.54217
6.91989
2.1585
7.03203
8.00143
6.19681
8.69733
6.61907
6.5212
8.17251
6.72647
7.62403
7.32099
5.95632
7.53445
7.21805
6.02883
5.59386
6.30331
7.52683
8.0563
9.49413
6.99977
10.3493
8.57042
6.69889
8.20874
9.43069
7.15152
8.82308
9.2834
8.87857
7.69255
9.9633
10.0414
9.77002
9.27807
8.10851
10.3529
8.51557
10.337
7.19963
7.39352
9.5302
6.23301
6.84358
6.19249
7.00226
6.75486
6.01542
6.07125
4.85129
6.86622
9.54768
10.182
7.84976
10.7462
9.31485
8.69685
8.79962
6.97348
8.52923
6.97295
7.22183
4.05884
8.05716
4.09511
6.56437
7.2022
8.20943
9.19413
8.00048
11.2874
10.4671
8.97256
11.1758
10.6897
10.9866
9.95587
9.63147
7.25645
7.59081
7.78826
8.00913
7.24032
7.79939
6.29588
7.01318
6.55436
9.42999
7.12383
6.73148
5.36843
7.30033
6.20883
6.21638
6.69936
5.88348
5.22061
6.21961
7.86969
6.39144
7.20933
6.48491
7.59446
7.70097
6.29304
7.77426
7.56174
8.04574
9.3428
8.74417
13.0782
11.8869
10.2946
11.3521
11.4617
11.3921
12.4686
13.6834
7.67943
7.82362
7.20672
9.55279
4.63511
6.11409
6.49987
6.62165
10.3228
6.73874
12.2442
10.0868
12.1552
10.6129
13.9912
10.9046
9.35636
12.7976
11.8834
11.7928
3.52681
6.23508
5.46537
4.25867
6.31219
6.67648
6.72473
6.74575
7.94952
8.42174
0.893336
-1.269
4.99978
4.10626
2.33827
5.02437
2.89879
3.10297
1.4117
2.20252
5.80199
3.85571
3.45439
0.874658
4.59658
5.41729
4.80439
4.42777
5.65306
5.45288
3.22309
3.3803
4.79238
4.52353
4.66418
2.47193
5.70754
5.80102
5.65792
5.08339
9.8487
8.08172
5.26476
7.15311
6.93759
5.91879
8.30205
9.55504
8.03111
7.91519
7.2315
9.99238
10.233
5.76833
9.2517
9.37512
7.34222
10.2114
10.5957
10.437
12.4487
11.5515
10.2493
8.94577
5.1856
10.3606
6.97545
8.03152
11.5038
8.2114
9.33816
8.72036
10.7198
9.22103
10.3018
10.366
7.86158
8.76624
9.5224
12.0552
9.34531
7.37432
7.27156
6.9548
12.2638
8.39355
8.08961
8.63761
7.89232
10.1455
10.944
9.07299
9.08034
9.83492
10.1497
10.0473
9.92281
10.0527
9.93565
9.43946
4.87728
4.07393
3.67427
4.65104
1.98457
2.79077
4.31074
3.74483
3.59775
3.35813
10.4448
10.7096
12.4704
12.2461
11.2338
11.0609
8.82004
11.3996
7.19204
11.6002
9.49549
8.07423
8.32033
9.28948
8.56368
8.55073
8.24203
8.96339
9.37898
8.27726
7.4469
8.13328
8.65969
8.74718
9.36662
8.36846
8.74915
8.74847
10.0318
9.37383
9.02453
6.70294
6.23519
5.80583
6.47128
5.06454
6.43301
5.66758
6.97395
6.84505
6.82317
7.41802
5.54395
7.41473
6.5393
10.7596
5.67966
7.68915
8.36131
8.17868
7.69485
8.49557
7.39829
9.51427
9.08472
10.4459
9.52664
7.97999
8.57362
10.9701
7.04982
6.6491
5.88288
5.84557
6.91999
8.06758
6.81494
6.86372
6.97139
6.85974
10.3489
9.99845
7.26341
9.63071
11.312
11.1565
10.3828
10.4773
10.6346
9.55881
8.9865
7.91108
11.4611
6.71314
10.592
10.5522
8.68271
10.7389
10.3227
8.9432
5.08828
4.46675
4.23742
4.84719
3.77937
4.70584
3.92023
3.60608
4.47948
4.89513
9.49601
9.15662
8.82468
8.81963
8.42854
9.71939
8.71375
9.10774
8.87411
7.13363
8.42056
8.8851
9.85526
7.95808
8.58883
8.11412
7.81484
8.41622
9.20007
7.05876
7.30007
8.05069
7.93875
6.57947
5.83386
6.41519
7.539
7.63844
7.39352
7.45044
10.5399
10.7504
10.2117
11.3577
12.3702
8.45763
11.841
9.77719
8.89642
11.5868
9.46058
8.87556
8.8814
11.7903
6.35437
6.99364
8.10014
7.14152
9.09296
7.11488
5.58753
5.89684
5.12417
7.30378
7.18777
6.18714
6.40905
6.21575
6.78878
7.584
7.40728
9.35879
9.27692
8.73872
8.83119
8.56653
8.20061
9.61672
8.96864
9.32425
9.33648
8.95634
9.25358
8.95448
9.4832
10.4263
6.88799
7.14855
6.09863
8.30022
8.60655
7.2467
7.68089
7.3014
7.32086
7.45136
6.77411
7.92205
6.45426
8.19174
8.57787
7.65988
7.9492
9.47982
8.79237
10.6559
7.96774
7.93994
6.82876
10.8728
11.7479
9.26844
10.3719
10.5942
10.5857
9.79476
10.7087
9.71969
11.6596
12.2278
2.77838
3.83875
4.13768
2.48817
1.46309
3.77646
3.50193
4.77768
5.0688
4.70717
11.283
11.3099
10.8752
12.9719
11.2932
8.71675
11.7362
12.1478
13.1457
11.5903
7.50173
8.95059
8.37209
6.27496
7.61199
6.34064
9.39526
9.68332
6.28854
8.1032
9.71604
8.73498
9.54951
6.9099
7.0963
8.63296
7.00633
9.13499
8.00404
7.47983
7.45223
8.0987
7.39385
9.26492
9.31113
8.07762
9.58169
9.0125
7.49089
8.36324
6.48136
8.6232
8.57763
4.88495
8.33577
8.46963
7.29763
10.406
8.74711
9.1031
6.63425
7.21714
2.93407
4.69529
4.69914
7.37858
6.36766
5.95499
0.278238
5.08227
3.27086
3.58086
1.71974
1.29817
4.01761
2.36562
2.68445
4.34445
12.3336
11.2923
9.62525
10.3054
13.4576
10.7718
13.9419
10.9332
9.14582
5.5895
4.27755
4.51471
2.25429
3.07533
3.78666
2.27366
0.96599
4.70976
1.72805
3.21133
6.11796
7.13669
4.95681
5.49849
7.40138
7.06108
8.19114
6.89639
7.35528
8.34551
5.04731
9.32564
8.93309
10.0079
8.36132
9.73363
9.08934
6.61723
8.18062
7.08532
7.37159
8.3066
7.39242
6.5225
8.76162
6.27205
8.54044
7.01326
6.51866
7.31484
7.59061
3.84387
3.89818
3.52996
3.47129
3.18605
4.78529
1.40058
4.80467
5.05051
4.6416
10.015
11.2812
9.2303
8.99661
9.39421
7.12845
7.57534
8.01859
8.75301
7.54072
7.116
6.4585
4.19861
2.85886
3.63937
1.69279
4.0604
2.38045
0.577499
3.82758
2.57108
3.6159
9.92509
7.93533
10.0053
9.68202
8.82676
8.68544
9.14094
7.4378
8.13301
8.80643
6.79115
3.92269
4.6955
4.57168
4.92957
4.29632
4.91783
6.7785
4.95502
6.17239
9.83911
9.42248
10.0213
9.29379
8.59659
11.2284
7.852
9.15605
9.95403
9.57742
10.6743
13.0132
12.7021
9.71285
12.8062
12.2438
10.0853
12.1999
8.8533
9.68478
4.95927
5.53147
5.70609
4.79099
4.98832
5.03983
5.13128
5.30016
5.59334
5.97038
4.65459
2.83101
3.65603
3.25409
2.2155
3.00971
5.24193
2.46906
2.97749
6.15017
5.94036
7.4853
6.19931
6.12186
8.87331
8.9358
5.61655
8.99053
8.43768
8.93868
9.47863
11.4176
9.80564
11.3574
9.95378
8.87644
10.1825
8.4185
9.88707
9.04491
8.67762
6.8316
6.15739
6.03659
5.66655
8.02606
5.96698
7.15114
7.27525
7.71413
9.2848
6.58873
6.95799
7.48743
6.84093
8.71853
8.07945
6.89719
11.7093
9.7691
7.11502
8.1905
8.98409
8.32847
7.36684
7.98416
7.77202
8.31656
9.32385
7.7799
10.5067
9.9529
9.5174
11.4306
9.27006
10.9185
10.8963
10.5514
10.2488
11.7374
7.43866
5.62403
6.46216
8.41226
6.57891
6.17481
8.19731
5.47154
6.80219
8.6088
7.96586
6.06916
4.98657
7.5619
7.9651
7.94803
8.84149
7.47938
7.94882
6.98288
6.89379
6.50131
3.0928
5.51289
6.67792
7.51736
5.26552
7.83761
8.14423
7.536
6.79291
6.36267
7.60407
9.85195
7.68797
5.84264
9.02381
8.53808
9.30239
8.51521
3.768
3.50407
5.50328
1.22144
3.58597
3.88568
1.8945
4.06694
3.07055
4.47391
7.13524
6.34404
5.8446
7.59108
7.47319
7.0893
6.74412
7.24392
5.09306
5.75545
7.66072
6.73284
6.70738
6.79057
4.89875
7.07783
7.03197
5.64805
7.01666
7.19486
14.4163
14.757
12.3571
16.2712
12.9382
13.2174
14.3813
10.9444
12.079
14.2755
3.61385
5.48534
6.57235
5.03632
4.5028
1.61891
3.4053
2.73696
4.67184
1.45935
6.41916
9.86564
2.81867
8.75349
9.43843
9.80261
7.295
10.6148
8.81015
9.59183
8.74872
9.24065
9.62644
8.11617
6.73256
8.88945
9.73774
9.74104
3.82404
0.654241
4.36912
4.38956
3.69656
3.89179
3.83288
3.80485
3.38887
3.83357
5.99303
8.2669
2.80084
3.10695
5.65182
5.07641
4.97676
4.66161
6.36857
6.14524
5.91838
4.96156
9.60508
8.0632
9.75662
8.95583
8.72024
7.11512
7.61902
7.25581
7.09326
9.27901
9.53828
7.3471
9.03967
8.53424
6.02785
6.72181
8.48078
8.58073
9.39346
4.88392
8.37896
8.1405
7.15546
6.99944
6.04624
8.68432
9.46045
8.92173
8.80483
7.11384
5.63839
5.19382
7.58368
1.75715
6.15375
5.04287
6.66432
4.87696
4.17935
4.86327
8.57883
8.88816
9.56495
9.26149
8.68856
8.28284
6.12944
6.96144
8.23529
7.16791
10.9079
10.5469
9.69185
12.2094
10.1214
10.4274
10.9032
12.0711
8.77546
11.4085
5.24104
8.07978
9.37056
9.50596
7.98522
7.90014
8.37386
9.19973
5.12152
6.44511
7.76694
8.56283
8.49508
8.23708
6.44423
8.05102
6.63784
6.14144
5.88114
7.61153
7.88307
6.27357
5.66204
4.96781
5.62229
7.03607
7.73683
7.72579
7.63902
7.14074
13.2712
14.2532
9.20906
10.9811
13.513
12.3243
9.95536
12.8943
13.784
11.5064
4.62421
5.26643
5.23304
4.65591
4.66856
2.65857
4.00089
4.79785
4.85637
5.06487
6.53364
5.92559
4.96506
7.11598
9.5314
9.77457
7.30826
7.62852
9.18903
7.84376
9.77578
7.12687
6.29686
4.45151
8.77108
9.41299
7.15485
6.06237
3.92981
6.72815
8.57211
6.90787
5.33672
7.1003
8.30466
9.17317
7.90839
4.99092
6.18881
5.76079
7.17918
6.49827
5.37347
7.45089
7.34375
7.71043
5.44253
8.12767
8.19944
9.4439
12.0265
11.7065
11.2879
13.3198
7.90711
13.3582
12.9081
10.8701
11.7173
12.3738
6.12358
8.22937
8.61536
7.48153
9.44778
8.20783
8.15201
7.75468
7.4711
6.02342
7.90985
8.99828
9.67922
9.67962
10.8486
9.30403
6.3306
11.0724
8.72465
7.22364
-9.72481
-13.0769
-9.82298
-10.5452
-11.7387
-13.1758
-10.6279
-8.9052
-10.2923
-10.7141
-8.03345
-6.2874
-6.72996
-9.80844
-11.7336
-8.16235
-10.2959
-8.96303
-8.58679
-9.19549
-6.08571
-5.51752
-6.27109
-6.62475
-6.75436
-3.70635
-7.56198
-8.57116
-6.3717
-9.45841
-2.67401
-4.16272
-5.57236
-5.58648
-8.09653
-9.52952
-8.90515
-9.31156
-8.60957
-5.70275
-7.46649
-5.27919
-3.59249
-4.48545
-7.26251
-5.62557
-5.25041
-6.8026
-5.91264
-4.82387
-5.21077
-7.12594
-4.56702
-7.0796
-8.50746
-6.46041
-7.39887
-5.63766
-6.78941
-5.76318
-8.1926
-7.01065
-3.69096
-3.39066
-3.61736
-3.88268
-4.43694
-5.86048
-8.64866
-3.28192
-4.71214
-5.71222
-6.58698
-10.9893
-10.3144
-8.96687
-12.7311
-8.04695
-10.9726
-13.08
-12.0194
-9.41766
-9.70361
-8.6223
-6.24054
-7.27558
-7.3766
-5.79459
-8.43483
-9.70817
-9.56899
-10.2766
-7.57684
-8.27859
-7.71434
-3.60304
-4.22418
-4.6443
-5.62645
-5.70313
-5.12736
-5.31702
-5.98323
-6.05249
-4.76812
-5.86799
-5.76353
-10.4836
-13.1079
-11.7271
-12.0125
-13.4069
-12.5071
-11.1964
-11.2661
-11.3998
-9.51566
-5.6674
-5.30683
-11.7487
-12.0199
-9.09832
-6.75139
-9.47898
-9.71141
-9.60064
-9.1381
-9.19145
-9.1489
-4.74589
-6.13507
-5.73668
-6.2956
-6.54846
-5.5337
-8.69384
-5.89285
-6.02918
-4.8059
-6.82917
-12.2022
-7.26548
-9.6876
-8.03475
-5.4739
-11.2093
-9.95183
-8.87185
-14.0209
-8.10997
-8.4507
-8.95605
-10.0944
-8.63359
-8.57667
-8.7848
-2.4149
-5.03015
-4.0305
-4.9304
-9.2851
-3.84797
-6.3604
-8.80491
-4.57119
-5.2108
-4.7174
-6.41845
-8.83535
-9.50068
-12.0604
-13.9169
-11.6582
-10.1836
-9.61661
-10.2313
-7.51313
-12.243
-9.04573
-6.89063
-6.56613
-7.28859
-10.647
-8.7254
-8.11916
-7.58114
-8.14968
-7.39873
-9.79637
-10.226
-8.64765
-9.5974
-11.0999
-11.4427
-10.4746
-11.6789
-12.3628
-9.88951
-6.99093
-6.00196
-7.98537
-5.95535
-6.36132
-5.71323
-5.59445
-6.6968
-4.8259
-4.4263
-5.74249
-7.63738
-6.16153
-7.65093
-4.74421
-6.60852
-5.89428
-6.76508
-4.83217
-6.85636
-7.50172
-6.26707
-5.89356
-5.97507
-6.02839
-6.65202
-7.46401
-6.78098
-6.5177
-7.41461
-11.1888
-11.8067
-10.0093
-10.4409
-11.1633
-9.29007
-11.4698
-11.7312
-9.47183
-9.8742
-9.76584
-12.2409
-10.234
-12.0728
-12.8797
-8.80525
-8.80271
-10.5302
-11.9204
-10.1363
-11.5131
-8.49341
-13.0316
-11.5475
-12.1981
-12.623
-13.0898
-12.2595
-12.4991
-10.7226
-8.92946
-9.43148
-9.30751
-10.3975
-10.3255
-7.75374
-7.6541
-9.99173
-9.28275
-8.68068
-10.2516
-9.18702
-10.8728
-7.72351
-8.02123
-7.73067
-8.80862
-8.88342
-8.5113
-9.45382
-9.23663
-10.4015
-9.84752
-7.51682
-11.2082
-9.37451
-8.11896
-8.48871
-9.15742
-10.6052
-8.94733
-5.23434
-5.64805
-9.46698
-9.97722
-10.2148
-9.41898
-6.72859
-8.73222
-7.55497
-4.9322
-7.92988
-8.77735
-6.625
-6.25659
-6.6876
-7.9494
-7.18124
-9.21337
-8.31449
-5.91161
-8.74426
-3.9548
-6.99403
-5.90797
-8.13191
-10.6659
-5.33946
-9.24424
-9.1232
-9.81557
-9.85997
-9.86922
-10.4482
-11.0124
-7.92152
-10.554
-10.6776
-11.5145
-10.0999
-6.5319
-7.59191
-8.05235
-7.80759
-8.61142
-7.22499
-7.76838
-8.64741
-8.09463
-8.35909
-7.59747
-7.20008
-8.48887
-11.3034
-8.52925
-8.35535
-11.1848
-10.8643
-11.7325
-10.3772
-8.51495
-7.87441
-6.14634
-8.58767
-5.5383
-4.36451
-6.63812
-10.894
-5.688
-6.59219
-8.3517
-9.86457
-8.3458
-9.26567
-9.93719
-9.77483
-9.59894
-10.7653
-11.2933
-10.0765
-6.70761
-7.45628
-8.00308
-7.94642
-3.65458
-6.22896
-4.29007
-4.8006
-5.56331
-7.97963
-11.6164
-10.564
-12.3595
-12.0889
-10.7463
-12.1337
-11.816
-12.1316
-12.0062
-11.3611
-6.23118
-9.54093
-5.06045
-5.66143
-9.7478
-6.73423
-7.84908
-7.46157
-4.48069
-4.11713
-10.1064
-9.79629
-11.3434
-10.3517
-10.1145
-10.9469
-11.9164
-10.1011
-8.01238
-12.5911
-8.03107
-8.94332
-10.8732
-9.24368
-10.6881
-6.33091
-7.74672
-6.00581
-6.70334
-9.65293
-8.06302
-1.07023
-5.37485
-5.16111
-3.25032
-4.39286
-4.31985
-0.41307
-7.37002
-6.79016
-6.50216
-6.51262
-6.8195
-6.30241
-4.43421
-4.58127
-5.75294
-3.56527
-8.3012
-6.53453
-9.12821
-7.70357
-7.01331
-5.55195
-7.1477
-6.09179
-7.15977
-8.80787
-6.67419
-7.33082
-10.9609
-10.3783
-9.94884
-11.2845
-10.4856
-9.92364
-10.9404
-10.5097
-10.9972
-9.13465
-9.52288
-9.24271
-7.31966
-6.22559
-7.34458
-7.13654
-7.78655
-9.76263
-8.62976
-8.51192
-6.58314
-7.63326
-7.40265
-6.45934
-4.5294
-7.62975
-8.35877
-8.00629
-8.25036
-6.12972
-6.72006
-7.73571
-6.4617
-5.34929
-6.44642
-5.09896
-5.78732
-5.85209
-4.82357
-6.60908
-5.1456
-4.3497
-4.61581
-5.04141
-5.67217
-5.07034
-4.11315
-5.97237
-3.43669
-6.90381
-7.89828
-8.77776
-6.687
-7.8765
-5.45473
-8.12954
-7.00392
-7.27985
-8.54732
-10.355
-10.0241
-9.03291
-10.7338
-9.72084
-7.77192
-9.49993
-8.35166
-10.0318
-10.2965
-9.81945
-11.5083
-12.2069
-8.87645
-9.64468
-12.9736
-10.1101
-10.6994
-8.40004
-7.76479
-6.56274
-3.83653
-5.25298
-7.29675
-5.52585
-4.78755
-3.93493
-3.6659
-4.99012
-7.41911
-6.8768
-5.69962
-7.83963
-8.8451
-6.85145
-6.25714
-7.64833
-10.5941
-6.32715
-10.8226
-9.11038
-9.05491
-9.04072
-7.98829
-4.81664
-7.34981
-8.72846
-8.11691
-7.88997
-5.71583
-6.58079
-7.76746
-4.93586
-5.97146
-7.62744
-1.04503
-8.42135
-8.6681
-6.43763
-8.25832
-5.26411
-5.32836
-6.00939
-5.61
-8.65315
-3.71308
-9.22634
-7.137
-5.71249
-4.86243
-7.94796
-6.03884
-5.8222
-9.19825
-8.49391
-8.88798
-8.2213
-7.45184
-7.54721
-5.26167
-7.45639
-6.86577
-6.2773
-7.61776
-8.13405
-7.1912
-6.05291
-6.59465
-8.78819
-9.94766
-8.87575
-9.50962
-11.3533
-7.8501
-8.74868
-6.67963
-9.18245
-7.16694
-9.60304
-11.6789
-13.5444
-13.4039
-13.7685
-13.6193
-9.31632
-11.1112
-10.8945
-11.0156
-11.9187
-11.0517
-9.55393
-12.2913
-13.228
-10.8431
-9.27861
-11.3177
-12.1379
-9.13178
-13.5332
-11.2744
-10.7677
-11.4648
-11.1536
-10.7841
-9.62909
-10.5424
-9.26772
-9.51781
-8.80545
-5.15862
-8.01967
-7.72383
-7.40039
-8.16879
-8.68285
-10.8715
-5.31286
-6.25943
-8.40614
-8.14846
-8.85361
-5.95702
-12.9026
-11.5736
-11.1692
-12.7551
-4.11067
-9.96788
-4.72465
-5.7742
-5.08913
-4.8121
-6.59044
-5.79529
-8.14385
-6.08935
-3.47938
-1.8805
-2.03539
-6.83037
-7.98217
-8.94421
-4.31708
-7.39767
-7.70683
-3.61671
-7.57419
-6.92521
-7.35565
-6.79589
-6.07567
-8.80949
-6.29909
-6.38201
-6.99263
-8.67548
-7.83867
-5.4131
-7.13726
1.42169
-3.76152
-5.47429
-6.09563
-4.57585
-4.95308
-3.44266
-1.02698
-5.08673
-4.36324
-7.93769
-11.3955
-10.3601
-9.81813
-12.5418
-9.07117
-10.6565
-12.3461
-10.3799
-10.9966
-4.87328
-6.70712
-7.90371
-6.41377
-7.26316
-7.21217
-5.24096
-4.90577
-5.99874
-6.33439
-9.70325
-10.2899
-9.99922
-9.56956
-7.63784
-8.05242
-9.78446
-10.4255
-10.1138
-8.48285
-9.59498
-7.96004
-8.86633
-9.40567
-8.01326
-9.76119
-9.16608
-9.39402
-8.76526
-8.87087
-8.0437
-8.76224
-9.26841
-10.1449
-9.94006
-9.8483
-11.4127
-9.58102
-9.61908
-6.83451
-9.59307
-7.32065
-8.75602
-9.12887
-8.99605
-8.28775
-7.38983
-7.32004
-8.17747
-6.74883
-10.5602
-11.6126
-9.97629
-6.00724
-7.58564
-6.00183
-8.80781
-7.14124
-9.76264
-7.77429
-11.4925
-9.85597
-8.12542
-9.81332
-7.54158
-8.32614
-9.62645
-9.58963
-9.88118
-10.1133
-1.30154
-7.73031
-8.78023
-8.57578
-1.26763
-5.08164
-1.92963
-7.86702
-3.93328
-7.34588
-5.43106
-9.94877
-5.62241
-10.037
-6.68041
-4.15503
-5.12106
-7.70537
-5.77797
-6.56565
-8.35246
-8.39666
-8.98452
-8.78255
-7.22722
-7.44944
-7.41844
-9.54323
-10.0773
-8.40178
-6.53416
-8.34912
-7.10983
-5.40201
-9.39278
-8.42855
-9.40121
-8.09767
-8.06469
-9.71545
-6.94056
-8.10783
-8.53305
-8.53202
-9.5815
-10.6418
-10.6564
-9.47333
-7.71988
-8.66101
-12.6062
-6.40631
-8.03364
-8.78613
-13.4148
-11.1872
3.15874
-9.72831
-10.0559
-8.81938
-6.09647
-6.95307
-6.06906
-6.36387
-6.08649
-8.42502
-6.58441
-6.37913
-7.52337
-7.38645
-8.26901
-8.27594
-10.6381
-7.59572
-4.98339
-10.7418
-9.89522
-9.45075
-8.56776
-9.51541
-10.9919
-10.3499
-10.2963
-7.86703
-8.69519
-7.64605
-7.83068
-9.77617
-9.01368
-9.0705
-9.9061
-10.3603
-9.69736
-7.88391
-9.04618
-10.336
-8.94077
-10.7881
-5.82321
-10.4072
-2.37903
-6.1233
-5.84232
-6.52155
-2.54189
-3.24761
-7.09164
-11.4407
-9.55585
-4.54159
-7.0105
-9.37823
-9.66998
-11.2465
-7.14291
-8.55749
-8.20644
-8.9411
-8.70326
-11.0544
-6.06975
-7.81786
-6.34654
-6.99363
-4.96825
-5.55568
-7.92598
-8.18304
-6.01699
-8.88486
-6.33438
-7.80523
-8.89517
-7.55878
-8.74504
-7.39496
-9.69906
-9.74661
-5.95134
-6.91058
-11.3149
-6.43001
-10.603
-8.82934
-9.3586
-11.3154
-9.34356
-9.34655
-10.1969
-9.11193
-4.91125
-5.35057
-7.44323
-6.67284
-4.94016
-4.4106
-6.69317
-3.38039
-4.61207
-6.00992
-6.07933
-5.03067
-11.0045
-7.86649
-6.77666
-8.71147
-4.82312
-7.23681
-3.55281
-6.50558
-8.20764
-7.79674
-7.40672
-1.7201
-8.21111
-8.37954
-8.25752
-8.34926
-9.53003
-8.61617
-9.00346
-9.2995
-8.95187
-7.80228
-8.54852
-9.82325
-9.17848
-11.2883
-10.2709
-10.1178
-7.58897
-9.03789
-9.86495
-9.30954
-9.76606
-9.85548
-9.47343
-9.22989
-7.529
-5.49308
-7.58144
-9.51078
-12.4867
-12.0721
-11.5745
-9.26729
-11.4896
-10.3766
-12.753
-11.8269
-9.72913
-9.90019
-12.9474
-10.6302
-11.8222
-11.3874
-11.3699
-8.90542
-3.91646
-5.96532
-5.27602
-8.18397
-5.93585
-7.66965
-7.34547
-7.5884
-6.00502
-3.94709
-3.85636
-9.54377
-13.2334
-10.7032
-9.85997
-10.1756
-11.28
-11.1698
-11.6931
-11.9294
-9.85981
-8.95731
-7.55374
-8.67487
-9.97553
-8.39797
-8.67654
-6.79755
-7.44156
-8.92965
-9.51185
-3.7492
-8.91927
-8.06921
-5.15729
-7.98421
-6.47967
-9.80748
-4.93571
-8.8197
-8.17299
-8.06106
-8.3598
-7.70257
-8.03682
-9.25955
-6.99578
-7.90167
-10.5383
-7.84906
-5.18812
-11.761
-10.7582
-9.83841
-11.3968
-9.3733
-10.9116
-11.6025
-10.3682
-10.1904
-10.3759
-7.08616
-5.08884
-11.2127
-10.3212
-9.35725
-9.79533
-8.57671
-11.7543
-8.1758
-12.6395
-13.8494
-9.77575
-10.8733
-12.0231
-10.6469
-10.8619
-9.7857
-10.5394
-13.2342
-12.9325
-10.7842
-10.955
-10.5334
-11.0065
-9.81858
-11.0497
-8.13872
-8.38718
-6.32739
-11.2422
-9.68762
-9.97245
-5.80092
-6.19777
-5.71607
-7.97555
-7.9477
-12.2954
-6.69257
-5.50837
-7.15714
-8.1703
-4.14374
-2.40706
-3.03978
-4.93027
-0.461739
-2.25333
-5.76591
-7.40146
-2.59021
-3.19098
-8.29143
-4.08606
-6.14585
-8.14003
-5.52713
-6.34264
-5.54854
-8.49966
-7.57523
-5.5884
-9.16561
-7.66083
-9.09829
-11.7018
-9.30646
-9.0636
-6.94509
-8.85065
-8.15885
-6.66281
-11.824
-11.0341
-10.664
-9.66351
-10.9263
-9.61364
-9.31282
-9.26345
-11.1606
-10.1073
-12.1193
-10.8417
-11.4774
-7.97923
-10.8167
-11.1756
-5.15683
-10.4472
-10.2227
-7.99251
-7.24299
-6.68299
-7.90194
-6.31861
-8.14658
-6.7037
-6.74515
-7.99791
-7.13598
-7.15507
-9.93167
-7.9757
-7.93027
-7.19796
-7.52194
-8.57835
-4.66042
-7.93891
-7.29195
-8.2177
-7.80603
-9.21477
-10.7649
-6.7667
-7.14553
-10.0495
-10.63
-8.92295
-6.82379
-5.3954
-6.86529
-4.88072
-8.05618
-8.01442
-6.50932
-6.72006
-9.18276
-7.59809
-5.16862
-7.65329
-7.50733
-5.8887
-5.61116
-5.92155
-5.48885
-6.36819
-5.78389
-6.0238
-7.93449
-6.98629
-10.9421
-9.55345
-10.8955
-9.77224
-9.2671
-8.9165
-8.93559
-10.6584
-11.9611
-9.92207
-10.3382
-7.91862
-10.4491
-9.51581
-8.29709
-7.78396
-8.79713
-8.91682
-7.48093
-11.9027
-10.4023
-7.82314
-9.95995
-8.1338
-8.37416
-7.99238
-9.67119
-9.83426
-9.87531
-6.91697
-9.61077
-10.5651
-10.6185
-5.11472
-9.45464
-11.6409
-8.12277
-10.5695
-10.5758
-10.0545
-12.185
-11.3573
-8.81694
-10.7367
-9.89679
-8.28337
-12.4471
-10.797
-12.0541
-9.98477
-10.4
-9.23015
-9.37852
-10.4037
-8.46599
-7.91945
-5.8219
-8.02869
-6.93768
-9.68677
-8.79245
-9.31285
-9.139
-8.99769
-9.35432
-10.592
-9.68523
-12.6176
-7.18247
-7.91067
-4.93837
-4.25275
-4.39946
-2.58365
-3.5331
-6.82211
-6.98259
-3.75774
-10.061
-6.22796
-9.25877
-8.22247
-10.2173
-7.97282
-7.23253
-10.7167
-10.4348
-10.5307
-10.2061
-11.1308
-11.6682
-10.1615
-12.6785
-11.8734
-12.09
-7.43281
-12.8089
-9.99113
-9.50877
-11.0978
-6.37316
-6.32307
-4.7267
-6.42195
-5.99752
-6.74761
-6.0603
-4.6763
-9.50562
-12.1345
-10.0005
-9.31069
-9.41
-7.87755
-9.14703
-9.9205
-10.8902
-10.8169
-8.73208
-5.91653
-10.4933
-10.5177
-8.5441
-8.88879
-9.6364
-8.20119
-12.3448
-8.85124
-8.19205
-7.84282
-11.117
-10.6116
-12.0894
-11.1343
-11.7415
-10.7171
-10.2716
-10.7203
-9.74701
-11.0474
-7.30264
-9.06186
-9.50054
-9.17176
-10.3681
-11.2784
-8.93822
-11.5012
-8.8904
-9.71391
-13.4855
-10.5872
-9.94891
-10.5126
-11.785
-9.95139
-8.64676
-10.5038
-8.68992
-9.77919
-8.98156
-8.32438
-9.02053
-14.1637
-10.2321
-9.88924
-11.544
-10.6973
-10.6378
-11.0147
-8.08651
-2.53636
-3.95706
-6.5599
-4.22073
-7.31664
-9.36642
-7.41431
-8.61318
-4.28103
-7.63534
-7.36733
-7.83163
-5.11802
-4.69136
-5.42014
-5.29395
-4.30623
-2.30523
-1.79477
-7.80635
-8.77799
-7.87013
-4.91752
-6.99518
-4.47804
-5.2518
-4.86787
-7.36343
-8.61847
-9.14061
-8.99295
-8.67737
-9.90264
-7.56184
-10.2443
-9.03686
-11.5057
-10.3901
-9.92646
-11.4688
-11.5411
-11.0608
-12.179
-10.6435
-8.61787
-11.5492
-11.1317
-12.737
-11.028
-6.23728
-5.13208
-6.35306
-6.67727
-6.73241
-7.73939
-3.83649
-3.81168
-5.95764
-3.59812
-9.75327
-5.6687
-9.13811
-9.66651
-10.0831
-12.0032
-10.2599
-9.24427
-9.16139
-8.75528
-9.31998
-9.47964
-9.9826
-6.07185
-6.86119
-8.4543
-8.69443
-9.12498
-3.60579
-6.27059
-7.94818
-10.0691
-10.6538
-12.1709
-10.0641
-10.012
-12.9875
-14.043
-13.2115
-10.4479
-11.1162
-12.0004
-9.75542
-12.835
-11.3736
-6.26268
-9.50276
-10.4384
-9.36691
-9.67313
-10.7941
-12.3115
-11.4906
-11.1696
-11.1231
-10.3683
-9.53104
-10.062
-9.69918
-9.3848
-5.99713
-7.8022
-5.88531
12.3262
-7.66148
-7.43399
-3.49058
-8.28771
-8.66348
-4.24802
-8.92025
-11.0559
-10.4682
-11.1933
-8.8736
-10.75
-9.47922
-8.79185
-8.6783
-10.0314
-11.7498
-4.65727
-8.785
-9.88578
-11.2175
6.03086
-8.44541
-6.37413
-10.0284
-9.36293
