0.999606 0.000393718 7.83948
0.998261 0.00173903 6.35269
0.999865 0.000135052 8.90972
0.997186 0.00281445 5.87017
0.999346 0.000653539 7.33245
0.99927 0.000729632 7.22224
0.993516 0.00648415 5.03189
0.99779 0.00220973 6.11267
0.999441 0.000558659 7.48941
0.995694 0.00430576 5.44349
0.999931 6.93963e-05 9.57561
0.999731 0.000269353 8.21922
0.999825 0.000174771 8.65186
0.999231 0.000768648 7.17011
0.997855 0.00214448 6.14271
0.999864 0.000135581 8.90581
0.999328 0.000671783 7.3049
0.993398 0.00660245 5.01369
0.999844 0.000156416 8.76283
0.999964 3.56954e-05 10.2405
0.99953 0.000470359 7.66154
0.999599 0.00040119 7.82067
0.999838 0.000162232 8.72632
0.999889 0.000110495 9.11043
0.999972 2.77971e-05 10.4906
0.999899 0.000100757 9.2027
0.999738 0.000262091 8.24656
0.999989 1.14634e-05 11.3763
0.999991 8.99179e-06 11.6192
0.999993 6.93477e-06 11.879
0.999633 0.000367049 7.90965
0.99997 2.97383e-05 10.423
0.999853 0.000146487 8.82842
0.999998 1.64143e-06 13.3199
0.999998 2.21954e-06 13.0182
0.999989 1.06483e-05 11.4501
0.999995 4.8096e-06 12.2449
0.999989 1.08973e-05 11.427
0.999998 2.326e-06 12.9714
0.999996 3.62893e-06 12.5266
0.99995 4.95954e-05 9.91156
0.99997 2.95897e-05 10.4281
0.999984 1.56618e-05 11.0643
0.999676 0.000324407 8.03319
0.999997 2.4785e-06 12.9079
0.999991 8.63884e-06 11.6592
0.999991 8.89167e-06 11.6304
0.999997 2.93821e-06 12.7377
0.999995 4.98328e-06 12.2094
0.999988 1.17611e-05 11.3507
1.0 2.18853e-07 15.3349
0.999985 1.53743e-05 11.0828
0.999988 1.19943e-05 11.3311
0.999977 2.32923e-05 10.6674
0.999969 3.0477e-05 10.3985
0.999997 2.89434e-06 12.7528
0.999949 5.13464e-05 9.87686
0.999899 0.000100606 9.20419
0.999939 6.05344e-05 9.71224
0.99977 0.000230212 8.37628
0.999967 3.26543e-05 10.3295
0.999939 6.08823e-05 9.70651
0.999997 3.34123e-06 12.6092
0.99999 1.02423e-05 11.489
1.0 1.52039e-07 15.6991
1.0 1.8749e-07 15.4895
0.999994 5.76625e-06 12.0635
1.0 5.29305e-07 14.4517
0.999995 5.11018e-06 12.1843
0.999929 7.12464e-05 9.54929
0.999937 6.31376e-05 9.67013
0.999991 8.79914e-06 11.6408
0.999831 0.000168767 8.68682
0.999456 0.000543738 7.5165
0.999941 5.9271e-05 9.73333
0.999673 0.000326861 8.02565
0.999892 0.00010797 9.13355
0.999824 0.000176221 8.64359
0.998268 0.00173212 6.35667
0.998549 0.00145072 6.53424
0.999323 0.000677151 7.29694
0.999456 0.000543522 7.5169
0.999721 0.000279248 8.18313
0.999897 0.00010256 9.18496
0.99995 5.03858e-05 9.89575
0.999774 0.000225931 8.39505
0.999969 3.14632e-05 10.3667
0.999979 2.11035e-05 10.7661
0.999868 0.000132067 8.93207
0.999914 8.57823e-05 9.36361
0.999755 0.000245413 8.31232
0.999572 0.000428411 7.755
0.999839 0.000161129 8.73314
0.999627 0.000373426 7.89242
0.999224 0.000775805 7.16083
0.999966 3.40134e-05 10.2887
0.999975 2.4767e-05 10.606
0.999999 9.62413e-07 13.8538
0.999998 1.59228e-06 13.3503
0.999999 1.17092e-06 13.6577
0.999942 5.79225e-05 9.75635
1.0 5.31131e-07 14.4483
0.999999 1.08312e-06 13.7357
0.999999 1.17169e-06 13.6571
0.999999 1.12465e-06 13.698
0.999993 6.84989e-06 11.8913
0.999999 6.72099e-07 14.2129
0.999897 0.00010301 9.18058
0.997296 0.00270385 5.91037
0.963762 0.0362378 3.28074
0.999185 0.0008146 7.112
0.989411 0.0105887 4.53732
0.99692 0.00308033 5.77963
0.963006 0.0369939 3.25931
0.997551 0.00244893 6.00965
0.997642 0.00235774 6.04769
0.996957 0.00304266 5.79198
0.999918 8.20753e-05 9.40779
0.999997 2.89647e-06 12.752
0.99972 0.000279807 8.18113
0.99922 0.000780503 7.15479
0.998853 0.00114687 6.76957
0.999883 0.000116844 9.05455
0.99906 0.000940324 6.96835
0.999897 0.000102743 9.18317
0.999825 0.000175034 8.65036
0.999826 0.000173627 8.65843
0.999946 5.3666e-05 9.83268
0.99985 0.000149626 8.80722
0.999967 3.35305e-05 10.303
0.999946 5.4036e-05 9.82581
0.999998 1.80656e-06 13.2241
0.99998 2.01583e-05 10.8119
0.999998 2.19628e-06 13.0287
0.999531 0.000469391 7.66361
0.999986 1.36188e-05 11.204
0.999992 8.06788e-06 11.7276
0.999993 7.10365e-06 11.8549
0.999996 4.13533e-06 12.3959
0.999993 6.8277e-06 11.8945
0.999938 6.15572e-05 9.69548
0.999866 0.000133544 8.92095
0.99994 6.00101e-05 9.72094
0.999932 6.78424e-05 9.59826
0.999982 1.75392e-05 10.9511
0.994335 0.00566505 5.16776
0.999788 0.000212163 8.45794
0.999987 1.33408e-05 11.2247
0.999467 0.000532539 7.53732
0.999609 0.000391435 7.8453
0.999266 0.000733792 7.21655
0.999946 5.43892e-05 9.81929
0.999968 3.20198e-05 10.3491
0.999912 8.77944e-05 9.34043
0.999772 0.000228021 8.38584
0.999938 6.25151e-05 9.68004
0.999969 3.10895e-05 10.3786
0.999992 7.63057e-06 11.7833
0.999984 1.5646e-05 11.0653
0.999931 6.93941e-05 9.57564
0.999974 2.56422e-05 10.5712
0.999999 8.82282e-07 13.9408
0.999997 2.47291e-06 12.9101
0.999804 0.000196006 8.53717
1.0 3.92518e-07 14.7507
0.999991 8.53247e-06 11.6716
0.999999 7.08229e-07 14.1605
1.0 5.14045e-07 14.481
0.994553 0.00544666 5.20729
0.99114 0.00886013 4.71729
0.979745 0.0202551 3.87889
0.972789 0.0272106 3.57656
0.910132 0.0898683 2.31524
0.996882 0.00311771 5.76754
0.997092 0.00290817 5.83732
0.97471 0.0252901 3.65173
0.997232 0.0027675 5.88704
0.955057 0.0449428 3.05638
0.999583 0.000417027 7.78194
0.999758 0.000241776 8.32726
0.999908 9.22944e-05 9.29043
0.999819 0.000181165 8.61592
0.999608 0.000392079 7.84366
0.999364 0.000635542 7.3604
0.999921 7.87356e-05 9.44934
0.999925 7.49125e-05 9.49911
0.999913 8.7483e-05 9.34398
0.999737 0.000263235 8.2422
0.999736 0.000264469 8.23752
0.999357 0.000642784 7.34906
0.998865 0.00113521 6.7798
0.999884 0.000115856 9.06304
0.999931 6.86747e-05 9.58606
0.994965 0.005035 5.28629
0.999773 0.000226871 8.3909
0.999333 0.000667012 7.31203
0.999487 0.000513469 7.57381
0.999315 0.000685166 7.28516
0.999776 0.000223772 8.40466
0.999547 0.00045294 7.6993
0.999841 0.000158594 8.74901
0.999593 0.000407398 7.80531
0.9999 0.000100538 9.20488
0.999936 6.38735e-05 9.65854
0.999872 0.000127842 8.96459
0.999853 0.000147017 8.82482
0.998558 0.00144163 6.54054
0.998588 0.00141179 6.56149
0.999993 7.40833e-06 11.8129
0.999922 7.80754e-05 9.45776
0.999986 1.40047e-05 11.1761
0.999982 1.80109e-05 10.9245
0.99999 9.88427e-06 11.5246
0.999976 2.40578e-05 10.635
0.999431 0.00056927 7.47059
0.999943 5.66173e-05 9.77914
0.999978 2.18401e-05 10.7317
0.999988 1.23507e-05 11.3018
0.99924 0.000759897 7.18157
0.999781 0.00021942 8.4243
0.999994 5.97646e-06 12.0277
0.999985 1.52625e-05 11.0901
0.999954 4.6215e-05 9.98216
0.999756 0.000244487 8.3161
0.999917 8.3005e-05 9.39653
0.99981 0.000190318 8.56662
0.999816 0.000183748 8.60176
0.999727 0.000272665 8.20699
0.998272 0.00172825 6.35891
0.998987 0.00101279 6.89403
0.99959 0.00041029 7.79823
0.998812 0.00118805 6.73425
0.99914 0.000860274 7.0574
0.999605 0.000395556 7.83482
0.99944 0.000559442 7.48801
0.999575 0.000425259 7.76239
0.998896 0.00110397 6.80774
0.999804 0.000196176 8.5363
0.999963 3.73523e-05 10.1951
0.998895 0.00110545 6.80639
0.997133 0.00286746 5.85146
0.998794 0.00120549 6.71967
0.9964 0.00359952 5.62335
0.999271 0.00072927 7.22274
0.999596 0.000404308 7.81293
0.999471 0.000528714 7.54453
0.997889 0.00211127 6.15835
0.99772 0.00228018 6.08122
0.949728 0.0502715 2.93874
0.98021 0.0197898 3.9026
0.722091 0.277909 0.954856
0.659055 0.340945 0.659088
0.575957 0.424043 0.306196
0.77813 0.22187 1.2548
0.810558 0.189442 1.45364
0.740502 0.259498 1.04858
0.738386 0.261614 1.0376
0.862312 0.137688 1.83463
0.999383 0.000616745 7.39044
0.998893 0.00110724 6.80477
0.998796 0.00120415 6.72078
0.999031 0.000968782 6.9385
0.99946 0.000539913 7.52356
0.999306 0.000693595 7.27293
0.999392 0.000607802 7.40505
0.999588 0.000411754 7.79467
0.999457 0.00054272 7.51837
0.999461 0.000539037 7.52519
0.99964 0.000360153 7.92862
0.99982 0.000179597 8.62461
0.999677 0.000323314 8.03656
0.999653 0.000347354 7.96482
0.998973 0.00102704 6.88004
0.999899 0.000100616 9.2041
0.99884 0.00116026 6.75795
0.999734 0.000266096 8.23139
0.99992 8.01248e-05 9.43185
0.9995 0.000500247 7.59991
0.999804 0.000195678 8.53884
0.999287 0.000712554 7.24594
0.998354 0.00164556 6.40802
0.998605 0.00139523 6.5733
0.998679 0.00132074 6.62824
0.999451 0.000549442 7.50606
0.996816 0.00318367 5.74653
0.998486 0.00151454 6.49113
0.996809 0.00319094 5.74424
0.9961 0.00390038 5.54277
0.999528 0.000472284 7.65746
0.998307 0.00169293 6.3796
0.998536 0.00146387 6.5252
0.998918 0.00108229 6.82759
0.998638 0.0013619 6.59751
0.999608 0.00039179 7.84439
0.998931 0.00106868 6.84027
0.998382 0.00161833 6.42474
0.999989 1.12239e-05 11.3975
0.999994 5.84814e-06 12.0494
0.999946 5.39877e-05 9.8267
0.999991 8.65823e-06 11.657
0.999721 0.000279345 8.18278
0.999776 0.000223534 8.40572
0.999994 6.46822e-06 11.9486
0.999972 2.81444e-05 10.4781
0.99998 2.00779e-05 10.8159
0.99961 0.000389798 7.84949
0.999847 0.000153395 8.78234
0.999997 3.3425e-06 12.6088
0.999924 7.63965e-05 9.4795
0.996317 0.00368289 5.60037
0.9999 9.99852e-05 9.21039
0.999938 6.2418e-05 9.68159
0.999751 0.000249466 8.29594
0.994822 0.0051782 5.25811
0.997968 0.00203195 6.19672
0.99947 0.000529957 7.54218
0.998192 0.00180794 6.31376
0.99993 7.03092e-05 9.56254
0.999789 0.000211121 8.46287
0.999608 0.000392069 7.84368
0.999546 0.000453911 7.69715
0.99967 0.000329693 8.01702
0.999702 0.000298047 8.11796
0.993724 0.00627577 5.06476
0.999506 0.000494504 7.61146
0.999192 0.000808 7.12014
0.991503 0.00849659 4.75956
0.999426 0.000573614 7.46298
0.999867 0.000133267 8.92302
0.999624 0.000375913 7.88578
0.999914 8.63817e-05 9.35665
0.99992 8.0362e-05 9.42889
0.999832 0.000168217 8.69009
0.999629 0.000371322 7.89807
0.999509 0.000490578 7.61944
0.999868 0.000132414 8.92945
0.999836 0.000164127 8.7147
0.999615 0.000384916 7.8621
0.997599 0.00240132 6.02933
0.996567 0.00343323 5.67081
0.998075 0.00192494 6.25093
0.985499 0.0145011 4.21892
0.994637 0.00536307 5.22284
0.989385 0.0106154 4.53478
0.998723 0.0012773 6.66173
0.997877 0.00212283 6.15288
0.991235 0.00876522 4.72816
0.990152 0.00984799 4.61059
0.999675 0.000324602 8.03259
0.999953 4.7412e-05 9.95659
0.999342 0.000658361 7.3251
0.999973 2.73886e-05 10.5054
0.999989 1.07267e-05 11.4428
0.999991 8.64051e-06 11.659
0.999962 3.81957e-05 10.1727
0.999849 0.00015101 8.79802
0.999998 1.63676e-06 13.3228
0.999991 8.65522e-06 11.6573
0.999324 0.000675901 7.29879
0.999334 0.00066584 7.3138
0.997034 0.00296641 5.81743
0.999358 0.000641764 7.35065
0.999841 0.000158943 8.74681
0.99748 0.00251979 5.98106
0.999809 0.00019104 8.56284
0.998066 0.00193452 6.24596
0.996572 0.0034284 5.67223
0.999614 0.000386418 7.8582
0.999695 0.00030499 8.09493
0.998406 0.00159363 6.44015
0.999974 2.57428e-05 10.5673
0.999621 0.000379291 7.87683
0.998883 0.00111702 6.79598
0.999977 2.25475e-05 10.6999
0.999881 0.000119416 9.03278
0.999908 9.19627e-05 9.29403
0.999901 9.91194e-05 9.21909
0.999664 0.000336071 7.99785
0.961373 0.0386274 3.2144
0.92312 0.0768805 2.48551
0.784282 0.215718 1.2908
0.905999 0.0940006 2.26574
0.705743 0.294257 0.8748
0.81202 0.18798 1.46319
0.783548 0.216452 1.28647
0.786358 0.213642 1.30311
0.887918 0.112082 2.06965
0.903473 0.0965271 2.23642
0.999996 3.71068e-06 12.5043
0.999969 3.12548e-05 10.3733
1.0 5.09291e-07 14.4902
0.999999 1.09428e-06 13.7254
0.999973 2.68156e-05 10.5265
0.999979 2.10958e-05 10.7664
1.0 3.11076e-07 14.9832
0.999999 9.99991e-07 13.8155
0.99972 0.000279765 8.18128
0.99997 2.95045e-05 10.4309
0.999233 0.0007669 7.17239
0.999564 0.000435579 7.7384
0.99941 0.000589837 7.43507
0.99907 0.000930147 6.97924
0.998394 0.00160635 6.43218
0.99695 0.00305018 5.7895
0.996337 0.00366302 5.6058
0.999844 0.00015603 8.76531
0.99893 0.00106986 6.83916
0.999758 0.000242051 8.32612
0.998468 0.00153205 6.47961
0.995588 0.00441224 5.41895
0.999408 0.000592259 7.43097
0.992702 0.0072976 4.91289
0.998894 0.00110587 6.80602
0.999919 8.10422e-05 9.42046
0.999581 0.000419448 7.77615
0.99991 9.03062e-05 9.31221
0.999652 0.00034789 7.96328
0.992146 0.00785413 4.83883
0.998678 0.00132165 6.62755
0.999792 0.000208224 8.47669
0.999605 0.000395152 7.83585
0.999733 0.000266622 8.22941
0.999941 5.85798e-05 9.74506
0.999986 1.35743e-05 11.2073
0.998901 0.00109932 6.81196
0.999914 8.62412e-05 9.35828
0.999932 6.83294e-05 9.5911
0.999839 0.000161406 8.73143
0.999931 6.94943e-05 9.5742
0.999998 1.83592e-06 13.208
0.999993 6.77628e-06 11.9021
0.999994 5.84744e-06 12.0495
0.999998 2.17336e-06 13.0392
0.999994 5.87932e-06 12.0441
0.999945 5.45499e-05 9.81634
0.999601 0.000398596 7.82716
0.999958 4.23579e-05 10.0693
0.999951 4.91544e-05 9.9205
0.998655 0.00134472 6.61022
0.999302 0.000697702 7.26702
0.998988 0.00101157 6.89524
0.999984 1.62914e-05 11.0249
0.999001 0.000998576 6.90818
0.99976 0.000239525 8.33661
0.998966 0.00103417 6.87312
0.99991 8.96414e-05 9.3196
0.999819 0.000180559 8.61927
0.999867 0.000132915 8.92567
0.999636 0.000363733 7.91873
0.994387 0.00561337 5.17697
0.997325 0.00267463 5.92127
0.99701 0.0029896 5.80962
0.999087 0.000913145 6.9977
0.999324 0.000676084 7.29852
0.996012 0.00398821 5.52042
0.999246 0.000754133 7.18919
0.99947 0.000529966 7.54217
0.999013 0.000986961 6.91989
0.896461 0.103539 2.1585
0.999118 0.000882355 7.03203
0.999665 0.00033487 8.00143
0.997968 0.00203178 6.19681
0.999833 0.000167003 8.69733
0.998667 0.00133289 6.61907
0.99853 0.00146974 6.5212
0.999718 0.000282227 8.17251
0.998803 0.00119732 6.72647
0.999512 0.000488331 7.62403
0.999339 0.000661071 7.32099
0.997417 0.00258274 5.95632
0.999466 0.000534068 7.53445
0.999267 0.000732696 7.21805
0.997598 0.00240252 6.02883
0.996293 0.00370685 5.59386
0.998173 0.0018269 6.30331
0.999462 0.000538151 7.52683
0.999683 0.000316996 8.0563
0.999925 7.5287e-05 9.49413
0.999089 0.000911263 6.99977
0.999968 3.20127e-05 10.3493
0.99981 0.000189598 8.57042
0.998769 0.00123076 6.69889
0.999728 0.00027219 8.20874
0.99992 8.02176e-05 9.43069
0.999217 0.000783057 7.15152
0.999853 0.000147272 8.82308
0.999907 9.29459e-05 9.2834
0.999861 0.000139324 8.87857
0.999544 0.000456005 7.69255
0.999953 4.70948e-05 9.9633
0.999956 4.35558e-05 10.0414
0.999943 5.71361e-05 9.77002
0.999907 9.34422e-05 9.27807
0.999699 0.000300878 8.10851
0.999968 3.19005e-05 10.3529
0.9998 0.000200285 8.51557
0.999968 3.24095e-05 10.337
0.999254 0.000746307 7.19963
0.999385 0.000614851 7.39352
0.999927 7.26198e-05 9.5302
0.99804 0.00195968 6.23301
0.998935 0.00106514 6.84358
0.997959 0.00204055 6.19249
0.999091 0.000908998 7.00226
0.998836 0.00116385 6.75486
0.997565 0.00243489 6.01542
0.997697 0.00230297 6.07125
0.992242 0.00775761 4.85129
0.998959 0.00104132 6.86622
0.999929 7.13613e-05 9.54768
0.999962 3.78441e-05 10.182
0.99961 0.000389693 7.84976
0.999978 2.15265e-05 10.7462
0.99991 9.00683e-05 9.31485
0.999833 0.000167083 8.69685
0.999849 0.000150767 8.79962
0.999065 0.000935513 6.97348
0.999802 0.000197569 8.52923
0.999064 0.000936005 6.97295
0.99927 0.000729928 7.22183
0.983024 0.0169759 4.05884
0.999683 0.000316725 8.05716
0.983619 0.0163811 4.09511
0.998592 0.00140773 6.56437
0.999256 0.00074439 7.2022
0.999728 0.000272003 8.20943
0.999898 0.000101624 9.19413
0.999665 0.000335188 8.00048
0.999987 1.25294e-05 11.2874
0.999972 2.84555e-05 10.4671
0.999873 0.000126827 8.97256
0.999986 1.40091e-05 11.1758
0.999977 2.27772e-05 10.6897
0.999983 1.69271e-05 10.9866
0.999953 4.74461e-05 9.95587
0.999934 6.5626e-05 9.63147
0.999295 0.000705108 7.25645
0.999495 0.000504816 7.59081
0.999586 0.000414403 7.78826
0.999668 0.000332303 8.00913
0.999283 0.000716571 7.24032
0.99959 0.000409818 7.79939
0.998159 0.0018405 6.29588
0.999101 0.000899133 7.01318
0.998578 0.00142187 6.55436
0.99992 8.02735e-05 9.42999
0.999195 0.000805027 7.12383
0.998809 0.00119135 6.73148
0.99536 0.0046398 5.36843
0.999325 0.00067486 7.30033
0.997992 0.00200756 6.20883
0.998007 0.00199248 6.21638
0.99877 0.00123018 6.69936
0.997223 0.00277734 5.88348
0.994625 0.00537501 5.22061
0.998014 0.00198608 6.21961
0.999618 0.000382005 7.86969
0.998327 0.00167303 6.39144
0.999261 0.000739103 7.20933
0.998476 0.00152398 6.48491
0.999497 0.000502977 7.59446
0.999548 0.000452182 7.70097
0.998154 0.00184573 6.29304
0.99958 0.000420242 7.77426
0.99948 0.000519702 7.56174
0.99968 0.000320362 8.04574
0.999912 8.75865e-05 9.3428
0.999841 0.000159362 8.74417
0.999998 2.0902e-06 13.0782
0.999993 6.87998e-06 11.8869
0.999966 3.3813e-05 10.2946
0.999988 1.17447e-05 11.3521
0.99999 1.05254e-05 11.4617
0.999989 1.12847e-05 11.3921
0.999996 3.84536e-06 12.4686
0.999999 1.14126e-06 13.6834
0.999538 0.000462025 7.67943
0.9996 0.00040001 7.82362
0.999259 0.000741038 7.20672
0.999929 7.09975e-05 9.55279
0.990388 0.00961171 4.63511
0.997793 0.0022066 6.11409
0.998499 0.00150138 6.49987
0.998671 0.00132946 6.62165
0.999967 3.28746e-05 10.3228
0.998817 0.00118274 6.73874
0.999995 4.81296e-06 12.2442
0.999958 4.16227e-05 10.0868
0.999995 5.26083e-06 12.1552
0.999975 2.45963e-05 10.6129
0.999999 8.38912e-07 13.9912
0.999982 1.83724e-05 10.9046
0.999914 8.64062e-05 9.35636
0.999997 2.76733e-06 12.7976
0.999993 6.90377e-06 11.8834
0.999992 7.55906e-06 11.7928
0.971441 0.0285588 3.52681
0.998044 0.00195564 6.23508
0.995787 0.00421295 5.46537
0.986056 0.013944 4.25867
0.998189 0.00181077 6.31219
0.998741 0.00125862 6.67648
0.998801 0.0011994 6.72473
0.998825 0.00117448 6.74575
0.999647 0.000352708 7.94952
0.99978 0.000219983 8.42174
0.709578 0.290422 0.893336
0.219429 0.780571 -1.269
0.993306 0.00669432 4.99978
0.983798 0.0162024 4.10626
0.911998 0.0880025 2.33827
0.993467 0.00653277 5.02437
0.947787 0.0522132 2.89879
0.957015 0.0429848 3.10297
0.804034 0.195966 1.4117
0.900476 0.0995244 2.20252
0.996988 0.00301244 5.80199
0.97928 0.0207201 3.85571
0.969362 0.0306383 3.45439
0.705714 0.294286 0.874658
0.990014 0.0099856 4.59658
0.99558 0.00441954 5.41729
0.991873 0.00812708 4.80439
0.9882 0.0118002 4.42777
0.996505 0.00349451 5.65306
0.995734 0.00426568 5.45288
0.961694 0.0383058 3.22309
0.967083 0.032917 3.3803
0.991776 0.00822451 4.79238
0.989266 0.0107342 4.52353
0.990661 0.00933892 4.66418
0.92215 0.0778495 2.47193
0.99669 0.00330986 5.70754
0.996985 0.00301536 5.80102
0.996522 0.00347763 5.65792
0.993839 0.00616069 5.08339
0.999947 5.28131e-05 9.8487
0.999691 0.000309043 8.08172
0.994856 0.00514406 5.26476
0.999218 0.000781816 7.15311
0.99903 0.00096966 6.93759
0.997319 0.00268125 5.91879
0.999752 0.000247946 8.30205
0.999929 7.08383e-05 9.55504
0.999675 0.000325082 8.03111
0.999635 0.00036502 7.91519
0.999277 0.000722911 7.2315
0.999954 4.57453e-05 9.99238
0.999964 3.59616e-05 10.233
0.996885 0.00311525 5.76833
0.999904 9.59394e-05 9.2517
0.999915 8.48009e-05 9.37512
0.999353 0.000647191 7.34222
0.999963 3.67489e-05 10.2114
0.999975 2.50237e-05 10.5957
0.999971 2.93252e-05 10.437
0.999996 3.92262e-06 12.4487
0.99999 9.6211e-06 11.5515
0.999965 3.53821e-05 10.2493
0.99987 0.000130271 8.94577
0.994435 0.00556545 5.1856
0.999968 3.1653e-05 10.3606
0.999066 0.000933675 6.97545
0.999675 0.000324949 8.03152
0.99999 1.0092e-05 11.5038
0.999729 0.000271467 8.2114
0.999912 8.79932e-05 9.33816
0.999837 0.000163201 8.72036
0.999978 2.21034e-05 10.7198
0.999901 9.89269e-05 9.22103
0.999966 3.35715e-05 10.3018
0.999969 3.1483e-05 10.366
0.999615 0.000385116 7.86158
0.999844 0.000155885 8.76624
0.999927 7.31887e-05 9.5224
0.999994 5.81437e-06 12.0552
0.999913 8.73668e-05 9.34531
0.999373 0.000626761 7.37432
0.999305 0.000694542 7.27156
0.999047 0.000953135 6.9548
0.999995 4.71972e-06 12.2638
0.999774 0.000226272 8.39355
0.999693 0.000306615 8.08961
0.999823 0.000177279 8.63761
0.999627 0.000373461 7.89232
0.999961 3.92498e-05 10.1455
0.999982 1.76635e-05 10.944
0.999885 0.000114709 9.07299
0.999886 0.000113869 9.08034
0.999946 5.35459e-05 9.83492
0.999961 3.90874e-05 10.1497
0.999957 4.33024e-05 10.0473
0.999951 4.90408e-05 9.92281
0.999957 4.30675e-05 10.0527
0.999952 4.8415e-05 9.93565
0.99992 7.95169e-05 9.43946
0.99244 0.0075601 4.87728
0.983274 0.0167259 4.07393
0.97526 0.0247404 3.67427
0.990539 0.00946126 4.65104
0.879167 0.120833 1.98457
0.942175 0.0578248 2.79077
0.986754 0.0132458 4.31074
0.976906 0.0230936 3.74483
0.973345 0.0266552 3.59775
0.96637 0.0336299 3.35813
0.999971 2.90984e-05 10.4448
0.999978 2.23298e-05 10.7096
0.999996 3.83851e-06 12.4704
0.999995 4.80374e-06 12.2461
0.999987 1.32191e-05 11.2338
0.999984 1.57139e-05 11.0609
0.999852 0.000147721 8.82004
0.999989 1.11995e-05 11.3996
0.999248 0.000751983 7.19204
0.999991 9.16455e-06 11.6002
0.999925 7.51842e-05 9.49549
0.999689 0.000311365 8.07423
0.999757 0.000243456 8.32033
0.999908 9.23824e-05 9.28948
0.999809 0.000190878 8.56368
0.999807 0.000193367 8.55073
0.999737 0.00026328 8.24203
0.999872 0.000127995 8.96339
0.999915 8.44741e-05 9.37898
0.999746 0.000254168 8.27726
0.999417 0.000582906 7.4469
0.999706 0.000293517 8.13328
0.999827 0.000173408 8.65969
0.999841 0.000158884 8.74718
0.999915 8.55251e-05 9.36662
0.999768 0.000232018 8.36846
0.999841 0.000158571 8.74915
0.999841 0.000158679 8.74847
0.999956 4.3977e-05 10.0318
0.999915 8.491e-05 9.37383
0.99988 0.000120405 9.02453
0.998774 0.00122579 6.70294
0.998045 0.00195543 6.23519
0.996999 0.00300091 5.80583
0.998455 0.00154486 6.47128
0.993723 0.00627718 5.06454
0.998395 0.00160502 6.43301
0.996556 0.00344431 5.66758
0.999065 0.000935075 6.97395
0.998936 0.00106358 6.84505
0.998913 0.00108708 6.82317
0.9994 0.000599976 7.41802
0.996104 0.00389581 5.54395
0.999398 0.000601951 7.41473
0.998557 0.00144341 6.5393
0.999979 2.12403e-05 10.7596
0.996597 0.0034031 5.67966
0.999542 0.000457557 7.68915
0.999766 0.000233683 8.36131
0.999719 0.000280495 8.17868
0.999545 0.000454957 7.69485
0.999796 0.000204329 8.49557
0.999388 0.000611924 7.39829
0.999926 7.37861e-05 9.51427
0.999887 0.000113373 9.08472
0.999971 2.9066e-05 10.4459
0.999927 7.28791e-05 9.52664
0.999658 0.000342127 7.97999
0.999811 0.000188991 8.57362
0.999983 1.72075e-05 10.9701
0.999133 0.000866816 7.04982
0.998706 0.00129351 6.6491
0.997221 0.00277901 5.88288
0.997116 0.00288435 5.84557
0.999013 0.000986864 6.91999
0.999687 0.000313441 8.06758
0.998904 0.00109606 6.81494
0.998956 0.00104393 6.86372
0.999063 0.000937467 6.97139
0.998952 0.00104808 6.85974
0.999968 3.2027e-05 10.3489
0.999955 4.54684e-05 9.99845
0.9993 0.000700224 7.26341
0.999934 6.5676e-05 9.63071
0.999988 1.22257e-05 11.312
0.999986 1.42819e-05 11.1565
0.999969 3.09589e-05 10.3828
0.999972 2.81689e-05 10.4773
0.999976 2.40674e-05 10.6346
0.999929 7.05719e-05 9.55881
0.999875 0.000125072 8.9865
0.999633 0.000366525 7.91108
0.99999 1.05319e-05 11.4611
0.998787 0.00121337 6.71314
0.999975 2.51145e-05 10.592
0.999974 2.61364e-05 10.5522
0.99983 0.000169462 8.68271
0.999978 2.16847e-05 10.7389
0.999967 3.28783e-05 10.3227
0.999869 0.000130605 8.9432
0.993869 0.00613082 5.08828
0.988646 0.0113542 4.46675
0.985761 0.0142392 4.23742
0.992211 0.00778924 4.84719
0.977673 0.0223272 3.77937
0.991039 0.00896129 4.70584
0.980549 0.0194507 3.92023
0.97356 0.0264401 3.60608
0.988788 0.0112121 4.47948
0.992573 0.00742738 4.89513
0.999925 7.51452e-05 9.49601
0.999894 0.000105508 9.15662
0.999853 0.000147037 8.82468
0.999852 0.000147781 8.81963
0.999782 0.000218492 8.42854
0.99994 6.01032e-05 9.71939
0.999836 0.000164285 8.71375
0.999889 0.000110792 9.10774
0.99986 0.000139946 8.87411
0.999203 0.000797182 7.13363
0.99978 0.000220244 8.42056
0.999862 0.000138417 8.8851
0.999948 5.2468e-05 9.85526
0.99965 0.000349701 7.95808
0.999814 0.000186139 8.58883
0.999701 0.000299194 8.11412
0.999597 0.000403536 7.81484
0.999779 0.000221201 8.41622
0.999899 0.000101023 9.20007
0.999141 0.000859108 7.05876
0.999325 0.000675039 7.30007
0.999681 0.00031878 8.05069
0.999643 0.000356526 7.93875
0.998613 0.00138666 6.57947
0.997082 0.00291821 5.83386
0.998366 0.00163384 6.41519
0.999468 0.000531644 7.539
0.999519 0.000481349 7.63844
0.999385 0.000614849 7.39352
0.999419 0.000580846 7.45044
0.999974 2.64594e-05 10.5399
0.999979 2.14362e-05 10.7504
0.999963 3.67374e-05 10.2117
0.999988 1.16786e-05 11.3577
0.999996 4.2431e-06 12.3702
0.999788 0.00021223 8.45763
0.999993 7.20328e-06 11.841
0.999943 5.67277e-05 9.77719
0.999863 0.000136859 8.89642
0.999991 9.28763e-06 11.5868
0.999922 7.78556e-05 9.46058
0.99986 0.000139744 8.87556
0.999861 0.000138931 8.8814
0.999992 7.57735e-06 11.7903
0.998264 0.00173612 6.35437
0.999083 0.000916858 6.99364
0.999697 0.000303403 8.10014
0.999209 0.000790925 7.14152
0.999888 0.000112442 9.09296
0.999188 0.000812257 7.11488
0.99627 0.00373029 5.58753
0.997259 0.0027406 5.89684
0.994084 0.00591595 5.12417
0.999328 0.000672541 7.30378
0.999245 0.000755198 7.18777
0.997949 0.00205149 6.18714
0.998356 0.00164387 6.40905
0.998006 0.00199373 6.21575
0.998875 0.00112508 6.78878
0.999492 0.000508266 7.584
0.999394 0.000606451 7.40728
0.999914 8.61968e-05 9.35879
0.999906 9.35501e-05 9.27692
0.99984 0.000160233 8.73872
0.999854 0.000146083 8.83119
0.99981 0.000190336 8.56653
0.999726 0.00027441 8.20061
0.999933 6.66013e-05 9.61672
0.999873 0.000127325 8.96864
0.999911 8.92259e-05 9.32425
0.999912 8.81411e-05 9.33648
0.999871 0.0001289 8.95634
0.999904 9.57586e-05 9.25358
0.999871 0.00012914 8.95448
0.999924 7.61138e-05 9.4832
0.99997 2.96409e-05 10.4263
0.998981 0.00101892 6.88799
0.999215 0.000785382 7.14855
0.997759 0.00224092 6.09863
0.999752 0.000248399 8.30022
0.999817 0.00018287 8.60655
0.999288 0.000712012 7.2467
0.999539 0.000461353 7.68089
0.999326 0.000674136 7.3014
0.999339 0.000661158 7.32086
0.99942 0.000580315 7.45136
0.998858 0.00114169 6.77411
0.999637 0.000362528 7.92205
0.998429 0.00157134 6.45426
0.999723 0.000276855 8.19174
0.999812 0.000188191 8.57787
0.999529 0.000471143 7.65988
0.999647 0.00035282 7.9492
0.999924 7.6372e-05 9.47982
0.999848 0.000151864 8.79237
0.999976 2.35608e-05 10.6559
0.999654 0.000346342 7.96774
0.999644 0.000356102 7.93994
0.998919 0.00108103 6.82876
0.999981 1.89664e-05 10.8728
0.999992 7.90604e-06 11.7479
0.999906 9.43463e-05 9.26844
0.999969 3.12993e-05 10.3719
0.999975 2.50595e-05 10.5942
0.999975 2.52737e-05 10.5857
0.999944 5.57398e-05 9.79476
0.999978 2.23499e-05 10.7087
0.99994 6.00848e-05 9.71969
0.999991 8.63609e-06 11.6596
0.999995 4.89268e-06 12.2278
0.941497 0.0585035 2.77838
0.978933 0.021067 3.83875
0.984291 0.0157091 4.13768
0.923308 0.0766916 2.48817
0.812004 0.187996 1.46309
0.977609 0.0223908 3.77646
0.970742 0.0292575 3.50193
0.991655 0.00834528 4.77768
0.993749 0.00625065 5.0688
0.99105 0.0089495 4.70717
0.999987 1.2585e-05 11.283
0.999988 1.22505e-05 11.3099
0.999981 1.89219e-05 10.8752
0.999998 2.32464e-06 12.9719
0.999988 1.24566e-05 11.2932
0.999836 0.000163791 8.71675
0.999992 7.99921e-06 11.7362
0.999995 5.2998e-06 12.1478
0.999998 1.95379e-06 13.1457
0.999991 9.25493e-06 11.5903
0.999448 0.000551822 7.50173
0.99987 0.000129644 8.95059
0.999769 0.000231178 8.37209
0.998121 0.00187934 6.27496
0.999506 0.000494242 7.61199
0.99824 0.00176007 6.34064
0.999917 8.31101e-05 9.39526
0.999938 6.23107e-05 9.68332
0.998146 0.00185402 6.28854
0.999698 0.000302477 8.1032
0.99994 6.03048e-05 9.71604
0.999839 0.000160834 8.73498
0.999929 7.12314e-05 9.54951
0.999003 0.000996865 6.9099
0.999173 0.000827482 7.0963
0.999822 0.000178104 8.63296
0.999095 0.000905311 7.00633
0.999892 0.000107815 9.13499
0.999666 0.000333998 8.00404
0.999436 0.000564037 7.47983
0.99942 0.00057981 7.45223
0.999696 0.00030384 8.0987
0.999385 0.000614646 7.39385
0.999905 9.46795e-05 9.26492
0.99991 9.04044e-05 9.31113
0.99969 0.000310313 8.07762
0.999931 6.89755e-05 9.58169
0.999878 0.000121862 9.0125
0.999442 0.000557834 7.49089
0.999767 0.000233233 8.36324
0.998471 0.00152938 6.48136
0.99982 0.000179852 8.6232
0.999812 0.000188235 8.57763
0.992497 0.00750279 4.88495
0.99976 0.000239728 8.33577
0.99979 0.000209698 8.46963
0.999323 0.000676687 7.29763
0.99997 3.02489e-05 10.406
0.999841 0.000158895 8.74711
0.999889 0.000111308 9.1031
0.998687 0.00131284 6.63425
0.999267 0.000733358 7.21714
0.949505 0.0504951 2.93407
0.990945 0.00905547 4.69529
0.990979 0.00902099 4.69914
0.999376 0.000624097 7.37858
0.998287 0.00171323 6.36766
0.997414 0.00258617 5.95499
0.569114 0.430886 0.278238
0.993832 0.00616751 5.08227
0.963416 0.0365844 3.27086
0.972903 0.0270971 3.58086
0.848095 0.151905 1.71974
0.785527 0.214473 1.29817
0.982322 0.0176779 4.01761
0.914168 0.0858318 2.36562
0.936103 0.0638975 2.68445
0.987188 0.0128124 4.34445
0.999996 4.4012e-06 12.3336
0.999987 1.2468e-05 11.2923
0.999934 6.60357e-05 9.62525
0.999967 3.3452e-05 10.3054
0.999999 1.43029e-06 13.4576
0.999979 2.0982e-05 10.7718
0.999999 8.81299e-07 13.9419
0.999982 1.78547e-05 10.9332
0.999893 0.000106654 9.14582
0.996277 0.00372297 5.5895
0.986313 0.0136868 4.27755
0.989172 0.0108282 4.51471
0.90502 0.0949798 2.25429
0.955864 0.0441362 3.07533
0.977831 0.0221686 3.78666
0.906672 0.0933278 2.27366
0.724319 0.275681 0.96599
0.991073 0.00892653 4.70976
0.849162 0.150838 1.72805
0.961259 0.0387414 3.21133
0.997802 0.00219811 6.11796
0.999205 0.000794747 7.13669
0.993014 0.00698618 4.95681
0.995924 0.00407625 5.49849
0.99939 0.00061004 7.40138
0.999143 0.000857117 7.06108
0.999723 0.000277021 8.19114
0.99899 0.0010104 6.89639
0.999361 0.000638801 7.35528
0.999763 0.000237403 8.34551
0.993614 0.00638555 5.04731
0.999911 8.91016e-05 9.32564
0.999868 0.000131932 8.93309
0.999955 4.50414e-05 10.0079
0.999766 0.000233681 8.36132
0.999941 5.92532e-05 9.73363
0.999887 0.00011285 9.08934
0.998665 0.00133534 6.61723
0.99972 0.000279951 8.18062
0.999163 0.000836609 7.08532
0.999372 0.000628475 7.37159
0.999753 0.000246822 8.3066
0.999384 0.000615524 7.39242
0.998532 0.00146783 6.5225
0.999843 0.000156607 8.76162
0.998115 0.0018848 6.27205
0.999805 0.000195367 8.54044
0.999101 0.000899058 7.01326
0.998526 0.00147347 6.51866
0.999335 0.000665143 7.31484
0.999495 0.000504915 7.59061
0.979038 0.0209617 3.84387
0.980124 0.0198758 3.89818
0.971528 0.0284717 3.52996
0.96986 0.0301403 3.47129
0.960306 0.0396939 3.18605
0.991718 0.00828256 4.78529
0.802276 0.197724 1.40058
0.991875 0.00812486 4.80467
0.993635 0.00636527 5.05051
0.99045 0.00955014 4.6416
0.999955 4.47199e-05 10.015
0.999987 1.26076e-05 11.2812
0.999902 9.80138e-05 9.2303
0.999876 0.000123814 8.99661
0.999917 8.31978e-05 9.39421
0.999199 0.000801322 7.12845
0.999487 0.000512685 7.57534
0.999671 0.000329176 8.01859
0.999842 0.00015796 8.75301
0.999469 0.000530733 7.54072
0.999189 0.000811352 7.116
0.998435 0.00156469 6.4585
0.985206 0.0147943 4.19861
0.945775 0.0542252 2.85886
0.974404 0.0255964 3.63937
0.844591 0.155409 1.69279
0.98305 0.0169498 4.0604
0.915325 0.0846754 2.38045
0.640492 0.359508 0.577499
0.978701 0.0212988 3.82758
0.928977 0.0710231 2.57108
0.973812 0.0261885 3.6159
0.999951 4.89288e-05 9.92509
0.999642 0.000357746 7.93533
0.999955 4.51591e-05 10.0053
0.999938 6.23916e-05 9.68202
0.999853 0.000146732 8.82676
0.999831 0.000169001 8.68544
0.999893 0.000107175 9.14094
0.999412 0.000588231 7.4378
0.999706 0.000293597 8.13301
0.99985 0.000149744 8.80643
0.998878 0.00112242 6.79115
0.980596 0.0194038 3.92269
0.990946 0.0090536 4.6955
0.989765 0.0102348 4.57168
0.992822 0.00717768 4.92957
0.986564 0.0134356 4.29632
0.992738 0.00726184 4.91783
0.998863 0.00113669 6.7785
0.993001 0.00699863 4.95502
0.997918 0.0020819 6.17239
0.999947 5.33219e-05 9.83911
0.999919 8.08783e-05 9.42248
0.999956 4.44412e-05 10.0213
0.999908 9.1985e-05 9.29379
0.999815 0.0001847 8.59659
0.999987 1.32916e-05 11.2284
0.999611 0.00038882 7.852
0.999894 0.000105568 9.15605
0.999952 4.75332e-05 9.95403
0.999931 6.92707e-05 9.57742
0.999977 2.31311e-05 10.6743
0.999998 2.23078e-06 13.0132
0.999997 3.04468e-06 12.7021
0.999939 6.04971e-05 9.71285
0.999997 2.74359e-06 12.8062
0.999995 4.81483e-06 12.2438
0.999958 4.16876e-05 10.0853
0.999995 5.03118e-06 12.1999
0.999857 0.000142889 8.8533
0.999938 6.22197e-05 9.68478
0.993031 0.00696914 4.95927
0.996055 0.00394453 5.53147
0.996685 0.00331463 5.70609
0.991764 0.00823583 4.79099
0.993229 0.00677095 4.98832
0.993567 0.00643321 5.03983
0.994126 0.00587426 5.13128
0.995034 0.00496602 5.30016
0.996291 0.00370878 5.59334
0.997453 0.00254676 5.97038
0.990572 0.00942808 4.65459
0.944329 0.0556712 2.83101
0.974816 0.0251842 3.65603
0.96282 0.0371802 3.25409
0.901632 0.0983675 2.2155
0.953011 0.0469892 3.00971
0.994738 0.00526221 5.24193
0.921944 0.078056 2.46906
0.951547 0.0484531 2.97749
0.997871 0.00212857 6.15017
0.997376 0.00262417 5.94036
0.999439 0.000560961 7.4853
0.997973 0.00202671 6.19931
0.99781 0.00218957 6.12186
0.99986 0.000140058 8.87331
0.999868 0.000131575 8.9358
0.996376 0.00362398 5.61655
0.999875 0.000124568 8.99053
0.999783 0.000216506 8.43768
0.999869 0.000131197 8.93868
0.999924 7.64628e-05 9.47863
0.999989 1.10004e-05 11.4176
0.999945 5.51367e-05 9.80564
0.999988 1.16822e-05 11.3574
0.999952 4.75452e-05 9.95378
0.99986 0.000139621 8.87644
0.999962 3.78235e-05 10.1825
0.999779 0.000220697 8.4185
0.999949 5.08251e-05 9.88707
0.999882 0.000117977 9.04491
0.99983 0.000170328 8.67762
0.998922 0.00107796 6.8316
0.997887 0.0021133 6.15739
0.997616 0.00238399 6.03659
0.996552 0.00344785 5.66655
0.999673 0.000326727 8.02606
0.997445 0.00255542 5.96698
0.999217 0.000783355 7.15114
0.999308 0.00069199 7.27525
0.999554 0.000446272 7.71413
0.999907 9.28159e-05 9.2848
0.998626 0.0013739 6.58873
0.99905 0.0009501 6.95799
0.99944 0.000559769 7.48743
0.998932 0.00106796 6.84093
0.999836 0.0001635 8.71853
0.99969 0.000309744 8.07945
0.99899 0.0010096 6.89719
0.999992 8.21677e-06 11.7093
0.999943 5.71883e-05 9.7691
0.999188 0.000812147 7.11502
0.999723 0.000277198 8.1905
0.999875 0.000125373 8.98409
0.999759 0.000241482 8.32847
0.999369 0.000631463 7.36684
0.999659 0.000340703 7.98416
0.999579 0.000421186 7.77202
0.999756 0.000244376 8.31656
0.999911 8.92612e-05 9.32385
0.999582 0.00041788 7.7799
0.999973 2.7353e-05 10.5067
0.999952 4.75873e-05 9.9529
0.999926 7.35554e-05 9.5174
0.999989 1.08581e-05 11.4306
0.999906 9.41936e-05 9.27006
0.999982 1.81188e-05 10.9185
0.999982 1.85263e-05 10.8963
0.999974 2.61552e-05 10.5514
0.999965 3.5399e-05 10.2488
0.999992 7.98939e-06 11.7374
0.999412 0.000587728 7.43866
0.996403 0.00359709 5.62403
0.998441 0.00155899 6.46216
0.999778 0.000222079 8.41226
0.998613 0.00138743 6.57891
0.997923 0.00207688 6.17481
0.999725 0.000275318 8.19731
0.995813 0.00418716 5.47154
0.99889 0.0011101 6.80219
0.999818 0.000182459 8.6088
0.999653 0.000346991 7.96586
0.997692 0.00230778 6.06916
0.993217 0.00678273 4.98657
0.99948 0.000519616 7.5619
0.999653 0.000347255 7.9651
0.999647 0.000353233 7.94803
0.999855 0.000144586 8.84149
0.999436 0.00056429 7.47938
0.999647 0.000352955 7.94882
0.999073 0.000926765 6.98288
0.998987 0.00101304 6.89379
0.998501 0.00149922 6.50131
0.956595 0.0434053 3.0928
0.995982 0.00401823 5.51289
0.998743 0.00125681 6.67792
0.999457 0.000543269 7.51736
0.99486 0.00514015 5.26552
0.999606 0.000394455 7.83761
0.99971 0.000290323 8.14423
0.999467 0.000533245 7.536
0.99888 0.00112044 6.79291
0.998278 0.00172179 6.36267
0.999502 0.000498169 7.60407
0.999947 5.26415e-05 9.85195
0.999542 0.000458097 7.68797
0.997107 0.00289277 5.84264
0.999879 0.000120491 9.02381
0.999804 0.000195828 8.53808
0.999909 9.11975e-05 9.30239
0.9998 0.000200358 8.51521
0.977423 0.0225767 3.768
0.970803 0.0291967 3.50407
0.995943 0.00405688 5.50328
0.772318 0.227682 1.22144
0.973038 0.0269625 3.58597
0.979879 0.0201206 3.88568
0.869268 0.130732 1.8945
0.983159 0.0168413 4.06694
0.955661 0.0443385 3.07055
0.988726 0.0112741 4.47391
0.999204 0.000795898 7.13524
0.998246 0.00175411 6.34404
0.997113 0.00288714 5.8446
0.999495 0.000504679 7.59108
0.999432 0.000567791 7.47319
0.999167 0.000833283 7.0893
0.998824 0.00117639 6.74412
0.999286 0.000713997 7.24392
0.993898 0.00610173 5.09306
0.996845 0.00315548 5.75545
0.999529 0.000470747 7.66072
0.99881 0.00118973 6.73284
0.99878 0.00122037 6.70738
0.998877 0.00112307 6.79057
0.992599 0.0074007 4.89875
0.999157 0.000842893 7.07783
0.999118 0.000882415 7.03197
0.996488 0.00351202 5.64805
0.999104 0.00089601 7.01666
0.99925 0.000749873 7.19486
0.999999 5.48385e-07 14.4163
1.0 3.90043e-07 14.757
0.999996 4.29912e-06 12.3571
1.0 8.58029e-08 16.2712
0.999998 2.40447e-06 12.9382
0.999998 1.81866e-06 13.2174
0.999999 5.6791e-07 14.3813
0.999982 1.76556e-05 10.9444
0.999994 5.67742e-06 12.079
0.999999 6.31307e-07 14.2755
0.973759 0.0262408 3.61385
0.99587 0.00413 5.48534
0.998603 0.00139655 6.57235
0.993544 0.00645569 5.03632
0.989043 0.0109565 4.5028
0.834645 0.165355 1.61891
0.96787 0.0321302 3.4053
0.939173 0.0608272 2.73696
0.990732 0.00926838 4.67184
0.811433 0.188567 1.45935
0.998373 0.00162736 6.41916
0.999948 5.1926e-05 9.86564
0.943677 0.0563234 2.81867
0.999842 0.000157885 8.75349
0.99992 7.9599e-05 9.43843
0.999945 5.53042e-05 9.80261
0.999322 0.000678466 7.295
0.999975 2.45485e-05 10.6148
0.999851 0.000149188 8.81015
0.999932 6.828e-05 9.59183
0.999841 0.00015864 8.74872
0.999903 9.70051e-05 9.24065
0.999934 6.59572e-05 9.62644
0.999701 0.000298581 8.11617
0.99881 0.00119006 6.73256
0.999862 0.000137816 8.88945
0.999941 5.90103e-05 9.73774
0.999941 5.88158e-05 9.74104
0.978627 0.0213726 3.82404
0.657965 0.342034 0.654241
0.987496 0.0125041 4.36912
0.987746 0.0122542 4.38956
0.975792 0.0242082 3.69656
0.979999 0.0200007 3.89179
0.978811 0.0211885 3.83288
0.978222 0.0217778 3.80485
0.967355 0.0326451 3.38887
0.978826 0.0211743 3.83357
0.99751 0.00248988 5.99303
0.999743 0.000256813 8.2669
0.942721 0.0572788 2.80084
0.957178 0.0428217 3.10695
0.996501 0.00349883 5.65182
0.993796 0.00620358 5.07641
0.993151 0.00684912 4.97676
0.990637 0.00936275 4.66161
0.998288 0.00171167 6.36857
0.997861 0.00213908 6.14524
0.997318 0.00268234 5.91838
0.993047 0.0069533 4.96156
0.999933 6.73812e-05 9.60508
0.999685 0.000314819 8.0632
0.999942 5.79069e-05 9.75662
0.999871 0.000128966 8.95583
0.999837 0.000163222 8.72024
0.999188 0.000812065 7.11512
0.999509 0.000490782 7.61902
0.999294 0.000705565 7.25581
0.99917 0.000829993 7.09326
0.999907 9.33544e-05 9.27901
0.999928 7.20353e-05 9.53828
0.999356 0.000644043 7.3471
0.999881 0.000118596 9.03967
0.999803 0.000196581 8.53424
0.997595 0.00240487 6.02785
0.998797 0.00120291 6.72181
0.999793 0.000207373 8.48078
0.999812 0.000187653 8.58073
0.999917 8.32596e-05 9.39346
0.99249 0.00751042 4.88392
0.99977 0.000229595 8.37896
0.999709 0.000291405 8.1405
0.99922 0.000779983 7.15546
0.999088 0.000911565 6.99944
0.997639 0.00236116 6.04624
0.999831 0.00016919 8.68432
0.999922 7.78652e-05 9.46045
0.999866 0.00013344 8.92173
0.99985 0.000149984 8.80483
0.999187 0.000813103 7.11384
0.996454 0.00354598 5.63839
0.99448 0.00552012 5.19382
0.999492 0.000508429 7.58368
0.852852 0.147148 1.75715
0.997879 0.00212099 6.15375
0.993586 0.00641378 5.04287
0.998726 0.001274 6.66432
0.992437 0.00756253 4.87696
0.984922 0.0150776 4.17935
0.992334 0.00766598 4.86327
0.999812 0.000188009 8.57883
0.999862 0.000137994 8.88816
0.99993 7.01401e-05 9.56495
0.999905 9.50042e-05 9.26149
0.999831 0.000168474 8.68856
0.999747 0.000252754 8.28284
0.997827 0.00217307 6.12944
0.999053 0.000946834 6.96144
0.999735 0.000265059 8.23529
0.99923 0.000770339 7.16791
0.999982 1.83129e-05 10.9079
0.999974 2.62754e-05 10.5469
0.999938 6.17813e-05 9.69185
0.999995 4.98343e-06 12.2094
0.99996 4.021e-05 10.1214
0.99997 2.96077e-05 10.4274
0.999982 1.83993e-05 10.9032
0.999994 5.72266e-06 12.0711
0.999846 0.000154455 8.77546
0.999989 1.11002e-05 11.4085
0.994733 0.00526686 5.24104
0.99969 0.000309644 8.07978
0.999915 8.51881e-05 9.37056
0.999926 7.44016e-05 9.50596
0.99966 0.00034034 7.98522
0.999629 0.000370556 7.90014
0.999769 0.00023077 8.37386
0.999899 0.000101056 9.19973
0.994069 0.00593156 5.12152
0.998414 0.00158575 6.44511
0.999577 0.000423328 7.76694
0.999809 0.000191042 8.56283
0.999796 0.00020443 8.49508
0.999735 0.000264587 8.23708
0.998413 0.00158715 6.44423
0.999681 0.000318674 8.05102
0.998692 0.00130814 6.63784
0.997853 0.0021472 6.14144
0.997216 0.00278382 5.88114
0.999506 0.00049447 7.61153
0.999623 0.000376932 7.88307
0.998118 0.00188193 6.27357
0.996537 0.0034634 5.66204
0.99309 0.00691031 4.96781
0.996397 0.00360331 5.62229
0.999121 0.0008788 7.03607
0.999564 0.000436263 7.73683
0.999559 0.000441103 7.72579
0.999519 0.000481069 7.63902
0.999209 0.00079154 7.14074
0.999998 1.72345e-06 13.2712
0.999999 6.45529e-07 14.2532
0.9999 0.000100118 9.20906
0.999983 1.70203e-05 10.9811
0.999999 1.35326e-06 13.513
0.999996 4.44235e-06 12.3243
0.999953 4.747e-05 9.95536
0.999997 2.51222e-06 12.8943
0.999999 1.03204e-06 13.784
0.99999 1.00654e-05 11.5064
0.990284 0.00971605 4.62421
0.994865 0.00513547 5.26643
0.994691 0.00530895 5.23304
0.990584 0.00941577 4.65591
0.990702 0.00929849 4.66856
0.934537 0.0654627 2.65857
0.982029 0.0179705 4.00089
0.99182 0.00817996 4.79785
0.992281 0.00771862 4.85637
0.993725 0.00627512 5.06487
0.998548 0.00145159 6.53364
0.997337 0.00266312 5.92559
0.993071 0.00692916 4.96506
0.999189 0.000811363 7.11598
0.999928 7.2533e-05 9.5314
0.999943 5.68768e-05 9.77457
0.999331 0.000669535 7.30826
0.999514 0.000486142 7.62852
0.999898 0.000102143 9.18903
0.999608 0.000392038 7.84376
0.999943 5.68076e-05 9.77578
0.999197 0.000802583 7.12687
0.998161 0.00183869 6.29686
0.988473 0.0115265 4.45151
0.999845 0.000155132 8.77108
0.999918 8.16494e-05 9.41299
0.99922 0.000780461 7.15485
0.997677 0.00232347 6.06237
0.980731 0.0192689 3.92981
0.998805 0.00119531 6.72815
0.999811 0.000189276 8.57211
0.999001 0.000998886 6.90787
0.995211 0.00478858 5.33672
0.999176 0.000824175 7.1003
0.999753 0.000247301 8.30466
0.999896 0.000103776 9.17317
0.999632 0.000367512 7.90839
0.993246 0.0067535 4.99092
0.997952 0.00204806 6.18881
0.996861 0.00313873 5.76079
0.999238 0.000761713 7.17918
0.998496 0.00150378 6.49827
0.995383 0.00461658 5.37347
0.999419 0.000580588 7.45089
0.999354 0.000646205 7.34375
0.999552 0.000447929 7.71043
0.99569 0.00430984 5.44253
0.999705 0.000295167 8.12767
0.999725 0.000274732 8.19944
0.999921 7.91649e-05 9.4439
0.999994 5.98328e-06 12.0265
0.999992 8.2402e-06 11.7065
0.999987 1.25229e-05 11.2879
0.999998 1.64161e-06 13.3198
0.999632 0.000367982 7.90711
0.999998 1.57989e-06 13.3582
0.999997 2.47788e-06 12.9081
0.999981 1.90183e-05 10.8701
0.999992 8.15142e-06 11.7173
0.999996 4.22771e-06 12.3738
0.997814 0.00218581 6.12358
0.999733 0.000266633 8.22937
0.999819 0.000181267 8.61536
0.999437 0.000563075 7.48153
0.999921 7.88582e-05 9.44778
0.999728 0.000272438 8.20783
0.999712 0.000288073 8.15201
0.999572 0.000428547 7.75468
0.999431 0.000568975 7.4711
0.997584 0.00241551 6.02342
0.999633 0.000366976 7.90985
0.999876 0.000123607 8.99828
0.999937 6.25661e-05 9.67922
0.999937 6.25414e-05 9.67962
0.999981 1.9432e-05 10.8486
0.999909 9.10483e-05 9.30403
0.998222 0.0017778 6.3306
0.999985 1.55353e-05 11.0724
0.999838 0.000162503 8.72465
0.999271 0.000728613 7.22364
5.97784e-05 0.99994 -9.72481
2.09303e-06 0.999998 -13.0769
5.41889e-05 0.999946 -9.82298
2.63181e-05 0.999974 -10.5452
7.97914e-06 0.999992 -11.7387
1.89595e-06 0.999998 -13.1758
2.42304e-05 0.999976 -10.6279
0.000135664 0.999864 -8.9052
3.38918e-05 0.999966 -10.2923
2.22298e-05 0.999978 -10.7141
0.000324322 0.999676 -8.03345
0.00185614 0.998144 -6.2874
0.00119316 0.998807 -6.72996
5.49823e-05 0.999945 -9.80844
8.02006e-06 0.999992 -11.7336
0.000285111 0.999715 -8.16235
3.37687e-05 0.999966 -10.2959
0.000128042 0.999872 -8.96303
0.000186518 0.999813 -8.58679
0.000101486 0.999899 -9.19549
0.00226999 0.99773 -6.08571
0.00399973 0.996 -5.51752
0.0018866 0.998113 -6.27109
0.00132535 0.998675 -6.62475
0.00116443 0.998836 -6.75436
0.023978 0.976022 -3.70635
0.000519576 0.99948 -7.56198
0.000189457 0.999811 -8.57116
0.00170633 0.998294 -6.3717
7.80245e-05 0.999922 -9.45841
0.0645246 0.935475 -2.67401
0.0153266 0.984673 -4.16272
0.0037871 0.996213 -5.57236
0.0037342 0.996266 -5.58648
0.0003045 0.999696 -8.09653
7.26695e-05 0.999927 -9.52952
0.000135669 0.999864 -8.90515
9.03652e-05 0.99991 -9.31156
0.000182319 0.999818 -8.60957
0.00332569 0.996674 -5.70275
0.000571608 0.999428 -7.46649
0.00507073 0.994929 -5.27919
0.0267922 0.973208 -3.59249
0.0111461 0.988854 -4.48545
0.000700855 0.999299 -7.26251
0.00359155 0.996408 -5.62557
0.00521801 0.994782 -5.25041
0.00110965 0.99889 -6.8026
0.00269774 0.997302 -5.91264
0.00797157 0.992028 -4.82387
0.00542784 0.994572 -5.21077
0.000803335 0.999197 -7.12594
0.010282 0.989718 -4.56702
0.000841402 0.999159 -7.0796
0.000201916 0.999798 -8.50746
0.0015617 0.998438 -6.46041
0.000611567 0.999388 -7.39887
0.00354857 0.996451 -5.63766
0.00112436 0.998876 -6.78941
0.00313127 0.996869 -5.76318
0.000276617 0.999723 -8.1926
0.000901406 0.999099 -7.01065
0.0243407 0.975659 -3.69096
0.0325885 0.967412 -3.39066
0.0261513 0.973849 -3.61736
0.0201799 0.97982 -3.88268
0.0116937 0.988306 -4.43694
0.00284178 0.997158 -5.86048
0.000175331 0.999825 -8.64866
0.0361965 0.963803 -3.28192
0.00890552 0.991095 -4.71214
0.00329444 0.996706 -5.71222
0.0013763 0.998624 -6.58698
1.68807e-05 0.999983 -10.9893
3.31526e-05 0.999967 -10.3144
0.00012755 0.999872 -8.96687
2.95767e-06 0.999997 -12.7311
0.000319975 0.99968 -8.04695
1.7165e-05 0.999983 -10.9726
2.0866e-06 0.999998 -13.08
6.02585e-06 0.999994 -12.0194
8.12696e-05 0.999919 -9.41766
6.10589e-05 0.999939 -9.70361
0.000180013 0.99982 -8.6223
0.001945 0.998055 -6.24054
0.000691763 0.999308 -7.27558
0.000625334 0.999375 -7.3766
0.00303473 0.996965 -5.79459
0.000217123 0.999783 -8.43483
6.07812e-05 0.999939 -9.70817
6.98567e-05 0.99993 -9.56899
3.44268e-05 0.999966 -10.2766
0.000511913 0.999488 -7.57684
0.00025383 0.999746 -8.27859
0.000446181 0.999554 -7.71434
0.0265183 0.973482 -3.60304
0.0144262 0.985574 -4.22418
0.00952466 0.990475 -4.6443
0.0035884 0.996412 -5.62645
0.00332441 0.996676 -5.70313
0.00589722 0.994103 -5.12736
0.00488338 0.995117 -5.31702
0.00251433 0.997486 -5.98323
0.00234647 0.997654 -6.05249
0.00842478 0.991575 -4.76812
0.00282058 0.997179 -5.86799
0.00313017 0.99687 -5.76353
2.79922e-05 0.999972 -10.4836
2.02918e-06 0.999998 -13.1079
8.07219e-06 0.999992 -11.7271
6.06796e-06 0.999994 -12.0125
1.50476e-06 0.999998 -13.4069
3.70026e-06 0.999996 -12.5071
1.37231e-05 0.999986 -11.1964
1.27988e-05 0.999987 -11.2661
1.11973e-05 0.999989 -11.3998
7.36835e-05 0.999926 -9.51566
0.00344494 0.996555 -5.6674
0.00493315 0.995067 -5.30683
7.89983e-06 0.999992 -11.7487
6.02293e-06 0.999994 -12.0199
0.000111841 0.999888 -9.09832
0.00116789 0.998832 -6.75139
7.64358e-05 0.999924 -9.47898
6.05844e-05 0.999939 -9.71141
6.76806e-05 0.999932 -9.60064
0.00010748 0.999892 -9.1381
0.000101897 0.999898 -9.19145
0.000106326 0.999894 -9.1489
0.00861249 0.991388 -4.74589
0.0021609 0.997839 -6.13507
0.00321509 0.996785 -5.73668
0.00184101 0.998159 -6.2956
0.00143027 0.99857 -6.54846
0.00393581 0.996064 -5.5337
0.000167587 0.999832 -8.69384
0.00275152 0.997248 -5.89285
0.00240168 0.997598 -6.02918
0.00811493 0.991885 -4.8059
0.00108059 0.998919 -6.82917
5.0194e-06 0.999995 -12.2022
0.000698775 0.999301 -7.26548
6.20442e-05 0.999938 -9.6876
0.000323901 0.999676 -8.03475
0.00417733 0.995823 -5.4739
1.35472e-05 0.999986 -11.2093
4.76381e-05 0.999952 -9.95183
0.000140263 0.99986 -8.87185
8.1434e-07 0.999999 -14.0209
0.000300437 0.9997 -8.10997
0.000213704 0.999786 -8.4507
0.000128938 0.999871 -8.95605
4.13106e-05 0.999959 -10.0944
0.000177992 0.999822 -8.63359
0.000188416 0.999812 -8.57667
0.000153019 0.999847 -8.7848
0.0820437 0.917956 -2.4149
0.00649536 0.993505 -5.03015
0.0174554 0.982545 -4.0305
0.00717178 0.992828 -4.9304
9.27876e-05 0.999907 -9.2851
0.0208777 0.979122 -3.84797
0.00172569 0.998274 -6.3604
0.000149972 0.99985 -8.80491
0.0102397 0.98976 -4.57119
0.00542769 0.994572 -5.2108
0.00885919 0.991141 -4.7174
0.00162853 0.998372 -6.41845
0.000145477 0.999854 -8.83535
7.47951e-05 0.999925 -9.50068
5.78421e-06 0.999994 -12.0604
9.03549e-07 0.999999 -13.9169
8.64754e-06 0.999991 -11.6582
3.77852e-05 0.999962 -10.1836
6.66089e-05 0.999933 -9.61661
3.60248e-05 0.999964 -10.2313
0.000545574 0.999454 -7.51313
4.81892e-06 0.999995 -12.243
0.00011788 0.999882 -9.04573
0.00101624 0.998984 -6.89063
0.00140525 0.998595 -6.56613
0.000682827 0.999317 -7.28859
2.3771e-05 0.999976 -10.647
0.000162382 0.999838 -8.7254
0.00029769 0.999702 -8.11916
0.00050972 0.99949 -7.58114
0.000288745 0.999711 -8.14968
0.000611654 0.999388 -7.39873
5.56499e-05 0.999944 -9.79637
3.62135e-05 0.999964 -10.226
0.000175508 0.999824 -8.64765
6.79007e-05 0.999932 -9.5974
1.5114e-05 0.999985 -11.0999
1.07272e-05 0.999989 -11.4427
2.82447e-05 0.999972 -10.4746
8.47043e-06 0.999992 -11.6789
4.2748e-06 0.999996 -12.3628
5.0701e-05 0.999949 -9.88951
0.000919342 0.999081 -6.99093
0.00246778 0.997532 -6.00196
0.00034029 0.99966 -7.98537
0.00258522 0.997415 -5.95535
0.00172411 0.998276 -6.36132
0.00329114 0.996709 -5.71323
0.00370465 0.996295 -5.59445
0.00123334 0.998767 -6.6968
0.00795553 0.992044 -4.8259
0.0118173 0.988183 -4.4263
0.00319651 0.996804 -5.74249
0.000481858 0.999518 -7.63738
0.00210458 0.997895 -6.16153
0.000475376 0.999525 -7.65093
0.00862688 0.991373 -4.74421
0.00134701 0.998653 -6.60852
0.0027476 0.997252 -5.89428
0.00115203 0.998848 -6.76508
0.00790621 0.992094 -4.83217
0.00105163 0.998948 -6.85636
0.000551831 0.999448 -7.50172
0.00189419 0.998106 -6.26707
0.00274957 0.99725 -5.89356
0.00253488 0.997465 -5.97507
0.00240358 0.997596 -6.02839
0.00128974 0.99871 -6.65202
0.000573025 0.999427 -7.46401
0.00113388 0.998866 -6.78098
0.00147488 0.998525 -6.5177
0.000602024 0.999398 -7.41461
1.38284e-05 0.999986 -11.1888
7.45436e-06 0.999992 -11.8067
4.49759e-05 0.999955 -10.0093
2.92121e-05 0.999971 -10.4409
1.41855e-05 0.999986 -11.1633
9.23283e-05 0.999908 -9.29007
1.04408e-05 0.99999 -11.4698
8.03887e-06 0.999992 -11.7312
7.69846e-05 0.999923 -9.47183
5.14834e-05 0.999949 -9.8742
5.73752e-05 0.999943 -9.76584
4.82862e-06 0.999995 -12.2409
3.59268e-05 0.999964 -10.234
5.71253e-06 0.999994 -12.0728
2.54915e-06 0.999997 -12.8797
0.000149922 0.99985 -8.80525
0.000150303 0.99985 -8.80271
2.67168e-05 0.999973 -10.5302
6.65318e-06 0.999993 -11.9204
3.96144e-05 0.99996 -10.1363
9.99854e-06 0.99999 -11.5131
0.000204771 0.999795 -8.49341
2.19008e-06 0.999998 -13.0316
9.6604e-06 0.99999 -11.5475
5.03995e-06 0.999995 -12.1981
3.29536e-06 0.999997 -12.623
2.06622e-06 0.999998 -13.0898
4.73974e-06 0.999995 -12.2595
3.73004e-06 0.999996 -12.4991
2.20414e-05 0.999978 -10.7226
0.000132412 0.999868 -8.92946
8.01544e-05 0.99992 -9.43148
9.07319e-05 0.999909 -9.30751
3.05076e-05 0.999969 -10.3975
3.27847e-05 0.999967 -10.3255
0.000428952 0.999571 -7.75374
0.00047387 0.999526 -7.6541
4.57749e-05 0.999954 -9.99173
9.30064e-05 0.999907 -9.28275
0.000169807 0.99983 -8.68068
3.52986e-05 0.999965 -10.2516
0.000102349 0.999898 -9.18702
1.89672e-05 0.999981 -10.8728
0.000442111 0.999558 -7.72351
0.000328307 0.999672 -8.02123
0.000438958 0.999561 -7.73067
0.000149418 0.999851 -8.80862
0.000138651 0.999861 -8.88342
0.000201142 0.999799 -8.5113
7.83838e-05 0.999922 -9.45382
9.73959e-05 0.999903 -9.23663
3.03859e-05 0.99997 -10.4015
5.28753e-05 0.999947 -9.84752
0.000543566 0.999456 -7.51682
1.35623e-05 0.999986 -11.2082
8.48523e-05 0.999915 -9.37451
0.00029775 0.999702 -8.11896
0.000205737 0.999794 -8.48871
0.000105423 0.999895 -9.15742
2.47866e-05 0.999975 -10.6052
0.000130067 0.99987 -8.94733
0.00530209 0.994698 -5.23434
0.00351202 0.996488 -5.64805
7.73584e-05 0.999923 -9.46698
4.64438e-05 0.999954 -9.97722
3.66216e-05 0.999963 -10.2148
8.1162e-05 0.999919 -9.41898
0.00119479 0.998805 -6.72859
0.000161278 0.999839 -8.73222
0.000523229 0.999477 -7.55497
0.00715902 0.992841 -4.9322
0.000359701 0.99964 -7.92988
0.000154162 0.999846 -8.77735
0.00132502 0.998675 -6.625
0.0019141 0.998086 -6.25659
0.00124471 0.998755 -6.6876
0.000352749 0.999647 -7.9494
0.000760143 0.99924 -7.18124
9.9688e-05 0.9999 -9.21337
0.000244882 0.999755 -8.31449
0.00270052 0.997299 -5.91161
0.000159349 0.999841 -8.74426
0.0188022 0.981198 -3.9548
0.000916498 0.999084 -6.99403
0.00271032 0.99729 -5.90797
0.00029392 0.999706 -8.13191
2.33265e-05 0.999977 -10.6659
0.00477556 0.995224 -5.33946
9.66572e-05 0.999903 -9.24424
0.000109093 0.999891 -9.1232
5.45918e-05 0.999945 -9.81557
5.22214e-05 0.999948 -9.85997
5.17403e-05 0.999948 -9.86922
2.89984e-05 0.999971 -10.4482
1.64956e-05 0.999984 -11.0124
0.00036272 0.999637 -7.92152
2.60891e-05 0.999974 -10.554
2.30547e-05 0.999977 -10.6776
9.98422e-06 0.99999 -11.5145
4.1082e-05 0.999959 -10.0999
0.00145412 0.998546 -6.5319
0.000504261 0.999496 -7.59191
0.000318253 0.999682 -8.05235
0.000406472 0.999594 -7.80759
0.000181982 0.999818 -8.61142
0.000727632 0.999272 -7.22499
0.00042272 0.999577 -7.76838
0.00017555 0.999824 -8.64741
0.000305081 0.999695 -8.09463
0.000234203 0.999766 -8.35909
0.000501466 0.999498 -7.59747
0.000745966 0.999254 -7.20008
0.000205703 0.999794 -8.48887
1.23305e-05 0.999988 -11.3034
0.000197565 0.999802 -8.52925
0.000235081 0.999765 -8.35535
1.38841e-05 0.999986 -11.1848
1.91287e-05 0.999981 -10.8643
8.02846e-06 0.999992 -11.7325
3.1133e-05 0.999969 -10.3772
0.000200409 0.9998 -8.51495
0.00038021 0.99962 -7.87441
0.00213672 0.997863 -6.14634
0.000186356 0.999814 -8.58767
0.00391778 0.996082 -5.5383
0.0125611 0.987439 -4.36451
0.00130777 0.998692 -6.63812
1.85698e-05 0.999981 -10.894
0.00337493 0.996625 -5.688
0.00136916 0.998631 -6.59219
0.000235939 0.999764 -8.3517
5.19817e-05 0.999948 -9.86457
0.000237336 0.999763 -8.3458
9.46084e-05 0.999905 -9.26567
4.83406e-05 0.999952 -9.93719
5.68619e-05 0.999943 -9.77483
6.77961e-05 0.999932 -9.59894
2.11195e-05 0.999979 -10.7653
1.24555e-05 0.999988 -11.2933
4.20536e-05 0.999958 -10.0765
0.00122009 0.99878 -6.70761
0.000577469 0.999423 -7.45628
0.000334319 0.999666 -8.00308
0.000353802 0.999646 -7.94642
0.0252199 0.97478 -3.65458
0.00196762 0.998032 -6.22896
0.0135186 0.986481 -4.29007
0.00815773 0.991842 -4.8006
0.0038214 0.996179 -5.56331
0.000342248 0.999658 -7.97963
9.01688e-06 0.999991 -11.6164
2.58294e-05 0.999974 -10.564
4.28881e-06 0.999996 -12.3595
5.62139e-06 0.999994 -12.0889
2.15244e-05 0.999978 -10.7463
5.37511e-06 0.999995 -12.1337
7.38572e-06 0.999993 -11.816
5.38665e-06 0.999995 -12.1316
6.1061e-06 0.999994 -12.0062
1.16396e-05 0.999988 -11.3611
0.00196326 0.998037 -6.23118
7.18447e-05 0.999928 -9.54093
0.0063027 0.993697 -5.06045
0.00346548 0.996534 -5.66143
5.84195e-05 0.999942 -9.7478
0.00118808 0.998812 -6.73423
0.000389958 0.99961 -7.84908
0.000574421 0.999426 -7.46157
0.0111988 0.988801 -4.48069
0.01603 0.98397 -4.11713
4.08166e-05 0.999959 -10.1064
5.56544e-05 0.999944 -9.79629
1.18472e-05 0.999988 -11.3434
3.19386e-05 0.999968 -10.3517
4.04856e-05 0.999959 -10.1145
1.76127e-05 0.999982 -10.9469
6.68018e-06 0.999993 -11.9164
4.10307e-05 0.999959 -10.1011
0.000331225 0.999669 -8.01238
3.4023e-06 0.999997 -12.5911
0.000325093 0.999675 -8.03107
0.00013059 0.999869 -8.94332
1.89592e-05 0.999981 -10.8732
9.67117e-05 0.999903 -9.24368
2.28135e-05 0.999977 -10.6881
0.00177726 0.998223 -6.33091
0.000431972 0.999568 -7.74672
0.00245834 0.997542 -6.00581
0.00122531 0.998775 -6.70334
6.42332e-05 0.999936 -9.65293
0.000314874 0.999685 -8.06302
0.25536 0.74464 -1.07023
0.00461025 0.99539 -5.37485
0.00570264 0.994297 -5.16111
0.0373153 0.962685 -3.25032
0.0122143 0.987786 -4.39286
0.0131273 0.986873 -4.31985
0.398176 0.601824 -0.41307
0.000629461 0.999371 -7.37002
0.00112352 0.998877 -6.79016
0.00149795 0.998502 -6.50216
0.00148239 0.998518 -6.51262
0.00109108 0.998909 -6.8195
0.00182854 0.998171 -6.30241
0.0117253 0.988275 -4.43421
0.010138 0.989862 -4.58127
0.0031634 0.996837 -5.75294
0.0275111 0.972489 -3.56527
0.000248156 0.999752 -8.3012
0.00145031 0.99855 -6.53453
0.000108548 0.999891 -9.12821
0.00045101 0.999549 -7.70357
0.000899016 0.999101 -7.01331
0.00386489 0.996135 -5.55195
0.000786054 0.999214 -7.1477
0.00225627 0.997744 -6.09179
0.000776629 0.999223 -7.15977
0.000149529 0.99985 -8.80787
0.00126151 0.998738 -6.67419
0.00065461 0.999345 -7.33082
1.7368e-05 0.999983 -10.9609
3.10988e-05 0.999969 -10.3783
4.77805e-05 0.999952 -9.94884
1.25666e-05 0.999987 -11.2845
2.79338e-05 0.999972 -10.4856
4.9e-05 0.999951 -9.92364
1.7727e-05 0.999982 -10.9404
2.72698e-05 0.999973 -10.5097
1.67486e-05 0.999983 -10.9972
0.000107851 0.999892 -9.13465
7.31533e-05 0.999927 -9.52288
9.68055e-05 0.999903 -9.24271
0.000661946 0.999338 -7.31966
0.00197425 0.998026 -6.22559
0.00064567 0.999354 -7.34458
0.000794868 0.999205 -7.13654
0.00041511 0.999585 -7.78655
5.75598e-05 0.999942 -9.76263
0.000178676 0.999821 -8.62976
0.000201016 0.999799 -8.51192
0.00138159 0.998618 -6.58314
0.000483847 0.999516 -7.63326
0.000609263 0.999391 -7.40265
0.00156338 0.998437 -6.45934
0.0106721 0.989328 -4.5294
0.000485544 0.999514 -7.62975
0.000234279 0.999766 -8.35877
0.00033325 0.999667 -8.00629
0.000261095 0.999739 -8.25036
0.00217245 0.997827 -6.12972
0.00120501 0.998795 -6.72006
0.000436752 0.999563 -7.73571
0.00155971 0.99844 -6.4617
0.00472905 0.995271 -5.34929
0.00158368 0.998416 -6.44642
0.00606609 0.993934 -5.09896
0.00305682 0.996943 -5.78732
0.00286565 0.997134 -5.85209
0.00797397 0.992026 -4.82357
0.00134626 0.998654 -6.60908
0.00579123 0.994209 -5.1456
0.0127461 0.987254 -4.3497
0.00979723 0.990203 -4.61581
0.00642311 0.993577 -5.04141
0.00342858 0.996571 -5.67217
0.00624111 0.993759 -5.07034
0.016093 0.983907 -4.11315
0.00254172 0.997458 -5.97237
0.0311684 0.968832 -3.43669
0.00100295 0.998997 -6.90381
0.000371245 0.999629 -7.89828
0.000154099 0.999846 -8.77776
0.00124547 0.998755 -6.687
0.000379414 0.999621 -7.8765
0.00425783 0.995742 -5.45473
0.000294617 0.999705 -8.12954
0.00090749 0.999093 -7.00392
0.000688817 0.999311 -7.27985
0.000194026 0.999806 -8.54732
3.18312e-05 0.999968 -10.355
4.43174e-05 0.999956 -10.0241
0.0001194 0.999881 -9.03291
2.17956e-05 0.999978 -10.7338
6.00159e-05 0.99994 -9.72084
0.000421224 0.999579 -7.77192
7.48516e-05 0.999925 -9.49993
0.000235948 0.999764 -8.35166
4.39756e-05 0.999956 -10.0318
3.37507e-05 0.999966 -10.2965
5.43806e-05 0.999946 -9.81945
1.00466e-05 0.99999 -11.5083
4.99604e-06 0.999995 -12.2069
0.000139619 0.99986 -8.87645
6.47649e-05 0.999935 -9.64468
2.32069e-06 0.999998 -12.9736
4.06633e-05 0.999959 -10.1101
2.25581e-05 0.999977 -10.6994
0.000224808 0.999775 -8.40004
0.000424237 0.999576 -7.76479
0.00141002 0.99859 -6.56274
0.021113 0.978887 -3.83653
0.00520466 0.994795 -5.25298
0.000677276 0.999323 -7.29675
0.00396669 0.996033 -5.52585
0.00826397 0.991736 -4.78755
0.0191724 0.980828 -3.93493
0.0249432 0.975057 -3.6659
0.00675888 0.993241 -4.99012
0.000599323 0.999401 -7.41911
0.00103037 0.99897 -6.8768
0.00333609 0.996664 -5.69962
0.00039366 0.999606 -7.83963
0.000144066 0.999856 -8.8451
0.0010568 0.998943 -6.85145
0.00191305 0.998087 -6.25714
0.000476613 0.999523 -7.64833
2.50624e-05 0.999975 -10.5941
0.00178393 0.998216 -6.32715
1.99426e-05 0.99998 -10.8226
0.0001105 0.999889 -9.11038
0.000116803 0.999883 -9.05491
0.000118472 0.999882 -9.04072
0.000339299 0.999661 -7.98829
0.00802897 0.991971 -4.81664
0.000642301 0.999358 -7.34981
0.000161886 0.999838 -8.72846
0.000298359 0.999702 -8.11691
0.00037434 0.999626 -7.88997
0.00328261 0.996717 -5.71583
0.00138483 0.998615 -6.58079
0.000423107 0.999577 -7.76746
0.00713302 0.992867 -4.93586
0.00254402 0.997456 -5.97146
0.000486669 0.999513 -7.62744
0.26018 0.73982 -1.04503
0.000220068 0.99978 -8.42135
0.000171956 0.999828 -8.6681
0.00159764 0.998402 -6.43763
0.000259028 0.999741 -8.25832
0.00514738 0.994853 -5.26411
0.00482858 0.995171 -5.32836
0.00244957 0.99755 -6.00939
0.00364773 0.996352 -5.61
0.000174546 0.999826 -8.65315
0.023821 0.976179 -3.71308
9.84031e-05 0.999902 -9.22634
0.000794501 0.999206 -7.137
0.00329355 0.996706 -5.71249
0.00767233 0.992328 -4.86243
0.000353257 0.999647 -7.94796
0.00237866 0.997621 -6.03884
0.00295233 0.997048 -5.8222
0.000101206 0.999899 -9.19825
0.000204669 0.999795 -8.49391
0.000138019 0.999862 -8.88798
0.000268793 0.999731 -8.2213
0.000580038 0.99942 -7.45184
0.000527303 0.999473 -7.54721
0.00515985 0.99484 -5.26167
0.000577407 0.999423 -7.45639
0.00104179 0.998958 -6.86577
0.00187494 0.998125 -6.2773
0.000491402 0.999509 -7.61776
0.000293292 0.999707 -8.13405
0.000752617 0.999247 -7.1912
0.00234549 0.997654 -6.05291
0.0013658 0.998634 -6.59465
0.000152501 0.999848 -8.78819
4.7837e-05 0.999952 -9.94766
0.000139717 0.99986 -8.87575
7.41299e-05 0.999926 -9.50962
1.17311e-05 0.999988 -11.3533
0.00038956 0.99961 -7.8501
0.000158646 0.999841 -8.74868
0.00125467 0.998745 -6.67963
0.000102818 0.999897 -9.18245
0.000771083 0.999229 -7.16694
6.75188e-05 0.999933 -9.60304
8.47069e-06 0.999992 -11.6789
1.31143e-06 0.999999 -13.5444
1.50931e-06 0.999998 -13.4039
1.04814e-06 0.999999 -13.7685
1.21678e-06 0.999999 -13.6193
8.9936e-05 0.99991 -9.31632
1.4944e-05 0.999985 -11.1112
1.85595e-05 0.999981 -10.8945
1.64428e-05 0.999984 -11.0156
6.66456e-06 0.999993 -11.9187
1.58599e-05 0.999984 -11.0517
7.09168e-05 0.999929 -9.55393
4.59168e-06 0.999995 -12.2913
1.79955e-06 0.999998 -13.228
1.95376e-05 0.99998 -10.8431
9.33923e-05 0.999907 -9.27861
1.21554e-05 0.999988 -11.3177
5.35283e-06 0.999995 -12.1379
0.000108161 0.999892 -9.13178
1.32613e-06 0.999999 -13.5332
1.26934e-05 0.999987 -11.2744
2.10689e-05 0.999979 -10.7677
1.0493e-05 0.99999 -11.4648
1.4324e-05 0.999986 -11.1536
2.07257e-05 0.999979 -10.7841
6.57825e-05 0.999934 -9.62909
2.63919e-05 0.999974 -10.5424
9.44151e-05 0.999906 -9.26772
7.35251e-05 0.999926 -9.51781
0.000149892 0.99985 -8.80545
0.00571679 0.994283 -5.15862
0.00032882 0.999671 -8.01967
0.000441966 0.999558 -7.72383
0.000610641 0.999389 -7.40039
0.00028328 0.999717 -8.16879
0.000169438 0.99983 -8.68285
1.89906e-05 0.999981 -10.8715
0.00490367 0.995096 -5.31286
0.00190869 0.998091 -6.25943
0.00022344 0.999777 -8.40614
0.000289097 0.999711 -8.14846
0.000142845 0.999857 -8.85361
0.00258094 0.997419 -5.95702
2.49154e-06 0.999997 -12.9026
9.41086e-06 0.999991 -11.5736
1.41019e-05 0.999986 -11.1692
2.88769e-06 0.999997 -12.7551
0.0161323 0.983868 -4.11067
4.68798e-05 0.999953 -9.96788
0.00879576 0.991204 -4.72465
0.00309705 0.996903 -5.7742
0.00612563 0.993874 -5.08913
0.0080652 0.991935 -4.8121
0.00137155 0.998628 -6.59044
0.00303261 0.996967 -5.79529
0.000290431 0.99971 -8.14385
0.00226176 0.997738 -6.08935
0.0299045 0.970095 -3.47938
0.132331 0.867669 -1.8805
0.115537 0.884463 -2.03539
0.00107929 0.998921 -6.83037
0.00034138 0.999659 -7.98217
0.000130473 0.999869 -8.94421
0.0131632 0.986837 -4.31708
0.000612302 0.999388 -7.39767
0.000449545 0.99955 -7.70683
0.0261678 0.973832 -3.61671
0.000513272 0.999487 -7.57419
0.000981734 0.999018 -6.92521
0.000638567 0.999361 -7.35565
0.00111711 0.998883 -6.79589
0.00229284 0.997707 -6.07567
0.000149286 0.999851 -8.80949
0.0018346 0.998165 -6.29909
0.00168887 0.998311 -6.38201
0.000917785 0.999082 -6.99263
0.000170692 0.999829 -8.67548
0.000394038 0.999606 -7.83867
0.00443801 0.995562 -5.4131
0.000794296 0.999206 -7.13726
0.805603 0.194397 1.42169
0.0227201 0.97728 -3.76152
0.00417569 0.995824 -5.47429
0.00224764 0.997752 -6.09563
0.0101926 0.989807 -4.57585
0.00701212 0.992988 -4.95308
0.0309886 0.969011 -3.44266
0.263671 0.736329 -1.02698
0.00614023 0.99386 -5.08673
0.0125768 0.987423 -4.36324
0.000356903 0.999643 -7.93769
1.12458e-05 0.999989 -11.3955
3.16693e-05 0.999968 -10.3601
5.44522e-05 0.999946 -9.81813
3.574e-06 0.999996 -12.5418
0.000114919 0.999885 -9.07117
2.35467e-05 0.999976 -10.6565
4.34643e-06 0.999996 -12.3461
3.10481e-05 0.999969 -10.3799
1.67582e-05 0.999983 -10.9966
0.00759016 0.99241 -4.87328
0.00122069 0.998779 -6.70712
0.000369233 0.999631 -7.90371
0.00163615 0.998364 -6.41377
0.000700398 0.9993 -7.26316
0.000737014 0.999263 -7.21217
0.00526726 0.994733 -5.24096
0.00734935 0.992651 -4.90577
0.00247574 0.997524 -5.99874
0.00177108 0.998229 -6.33439
6.10806e-05 0.999939 -9.70325
3.39747e-05 0.999966 -10.2899
4.54332e-05 0.999955 -9.99922
6.98175e-05 0.99993 -9.56956
0.000481637 0.999518 -7.63784
0.000318229 0.999682 -8.05242
5.63169e-05 0.999944 -9.78446
2.9666e-05 0.99997 -10.4255
4.05129e-05 0.999959 -10.1138
0.000206945 0.999793 -8.48285
6.80649e-05 0.999932 -9.59498
0.000349017 0.999651 -7.96004
0.00014104 0.999859 -8.86633
8.22493e-05 0.999918 -9.40567
0.000330934 0.999669 -8.01326
5.76424e-05 0.999942 -9.76119
0.000104515 0.999895 -9.16608
8.32131e-05 0.999917 -9.39402
0.000156038 0.999844 -8.76526
0.000140401 0.99986 -8.87087
0.000321017 0.999679 -8.0437
0.000156509 0.999843 -8.76224
9.43497e-05 0.999906 -9.26841
3.92748e-05 0.999961 -10.1449
4.82022e-05 0.999952 -9.94006
5.2834e-05 0.999947 -9.8483
1.10536e-05 0.999989 -11.4127
6.9022e-05 0.999931 -9.58102
6.64443e-05 0.999934 -9.61908
0.00107484 0.998925 -6.83451
6.8195e-05 0.999932 -9.59307
0.000661295 0.999339 -7.32065
0.000157485 0.999843 -8.75602
0.000108477 0.999892 -9.12887
0.000123882 0.999876 -8.99605
0.000251517 0.999749 -8.28775
0.000617122 0.999383 -7.38983
0.000661699 0.999338 -7.32004
0.000280833 0.999719 -8.17747
0.00117087 0.998829 -6.74883
2.59282e-05 0.999974 -10.5602
9.05161e-06 0.999991 -11.6126
4.64869e-05 0.999954 -9.97629
0.00245482 0.997545 -6.00724
0.000507434 0.999493 -7.58564
0.00246813 0.997532 -6.00183
0.000149539 0.99985 -8.80781
0.000791139 0.999209 -7.14124
5.7559e-05 0.999942 -9.76264
0.000420227 0.99958 -7.77429
1.02067e-05 0.99999 -11.4925
5.24303e-05 0.999948 -9.85597
0.000295832 0.999704 -8.12542
5.47151e-05 0.999945 -9.81332
0.000530279 0.99947 -7.54158
0.000242047 0.999758 -8.32614
6.59567e-05 0.999934 -9.62645
6.843e-05 0.999932 -9.58963
5.11255e-05 0.999949 -9.88118
4.05352e-05 0.999959 -10.1133
0.213906 0.786094 -1.30154
0.000439114 0.999561 -7.73031
0.00015372 0.999846 -8.78023
0.000188583 0.999811 -8.57578
0.219664 0.780336 -1.26763
0.00617138 0.993829 -5.08164
0.126791 0.873209 -1.92963
0.000383029 0.999617 -7.86702
0.0192033 0.980797 -3.93328
0.000644829 0.999355 -7.34588
0.00435938 0.995641 -5.43106
4.7784e-05 0.999952 -9.94877
0.0036029 0.996397 -5.62241
4.37488e-05 0.999956 -10.037
0.00125368 0.998746 -6.68041
0.0154431 0.984557 -4.15503
0.00593427 0.994066 -5.12106
0.0004502 0.99955 -7.70537
0.00308545 0.996915 -5.77797
0.00140593 0.998594 -6.56565
0.000235759 0.999764 -8.35246
0.000225568 0.999774 -8.39666
0.00012532 0.999875 -8.98452
0.000153364 0.999847 -8.78255
0.000726011 0.999274 -7.22722
0.000581431 0.999419 -7.44944
0.000599727 0.9994 -7.41844
7.16795e-05 0.999928 -9.54323
4.20229e-05 0.999958 -10.0773
0.000224417 0.999776 -8.40178
0.00145084 0.998549 -6.53416
0.000236548 0.999763 -8.34912
0.000816366 0.999184 -7.10983
0.00448729 0.995513 -5.40201
8.33163e-05 0.999917 -9.39278
0.000218491 0.999782 -8.42855
8.26168e-05 0.999917 -9.40121
0.000304155 0.999696 -8.09767
0.00031435 0.999686 -8.06469
6.03402e-05 0.99994 -9.71545
0.000966793 0.999033 -6.94056
0.000301081 0.999699 -8.10783
0.000196816 0.999803 -8.53305
0.000197018 0.999803 -8.53202
6.89884e-05 0.999931 -9.5815
2.38946e-05 0.999976 -10.6418
2.35481e-05 0.999976 -10.6564
7.68688e-05 0.999923 -9.47333
0.000443718 0.999556 -7.71988
0.00017318 0.999827 -8.66101
3.35127e-06 0.999997 -12.6062
0.00164838 0.998352 -6.40631
0.000324261 0.999676 -8.03364
0.000152814 0.999847 -8.78613
1.4929e-06 0.999998 -13.4148
1.385e-05 0.999986 -11.1872
0.959252 0.0407482 3.15874
5.95691e-05 0.99994 -9.72831
4.29298e-05 0.999957 -10.0559
0.000147818 0.999852 -8.81938
0.00224574 0.997754 -6.09647
0.000954786 0.999045 -6.95307
0.00230801 0.997692 -6.06906
0.00171973 0.99828 -6.36387
0.00226822 0.997732 -6.08649
0.000219263 0.999781 -8.42502
0.00137984 0.99862 -6.58441
0.00169373 0.998306 -6.37913
0.00054002 0.99946 -7.52337
0.000619211 0.999381 -7.38645
0.000256274 0.999744 -8.26901
0.000254505 0.999746 -8.27594
2.39849e-05 0.999976 -10.6381
0.000502345 0.999498 -7.59572
0.00680422 0.993196 -4.98339
2.16224e-05 0.999978 -10.7418
5.04124e-05 0.99995 -9.89522
7.86246e-05 0.999921 -9.45075
0.000190103 0.99981 -8.56776
7.37016e-05 0.999926 -9.51541
1.68378e-05 0.999983 -10.9919
3.19965e-05 0.999968 -10.3499
3.37565e-05 0.999966 -10.2963
0.000383025 0.999617 -7.86703
0.000167361 0.999833 -8.69519
0.000477699 0.999522 -7.64605
0.000397198 0.999603 -7.83068
5.67854e-05 0.999943 -9.77617
0.000121718 0.999878 -9.01368
0.000114996 0.999885 -9.0705
4.98672e-05 0.99995 -9.9061
3.16625e-05 0.999968 -10.3603
6.14416e-05 0.999939 -9.69736
0.000376614 0.999623 -7.88391
0.000117826 0.999882 -9.04618
3.24443e-05 0.999968 -10.336
0.000130924 0.999869 -8.94077
2.06424e-05 0.999979 -10.7881
0.00294938 0.997051 -5.82321
3.02129e-05 0.99997 -10.4072
0.0847859 0.915214 -2.37903
0.00218643 0.997814 -6.1233
0.00289369 0.997106 -5.84232
0.00146922 0.998531 -6.52155
0.0729733 0.927027 -2.54189
0.0374129 0.962587 -3.24761
0.00083134 0.999169 -7.09164
1.07485e-05 0.999989 -11.4407
7.07807e-05 0.999929 -9.55585
0.0105441 0.989456 -4.54159
0.000901545 0.999098 -7.0105
8.45375e-05 0.999915 -9.37823
6.31472e-05 0.999937 -9.66998
1.30529e-05 0.999987 -11.2465
0.000789821 0.99921 -7.14291
0.000192064 0.999808 -8.55749
0.000272817 0.999727 -8.20644
0.00013088 0.999869 -8.9411
0.000166016 0.999834 -8.70326
1.58171e-05 0.999984 -11.0544
0.00230642 0.997694 -6.06975
0.000402322 0.999598 -7.81786
0.00174973 0.99825 -6.34654
0.000916869 0.999083 -6.99363
0.00690729 0.993093 -4.96825
0.00385056 0.996149 -5.55568
0.000361106 0.999639 -7.92598
0.000279272 0.999721 -8.18304
0.00243107 0.997569 -6.01699
0.000138451 0.999861 -8.88486
0.0017711 0.998229 -6.33438
0.000407431 0.999593 -7.80523
0.000137031 0.999863 -8.89517
0.000521237 0.999479 -7.55878
0.000159224 0.999841 -8.74504
0.000613966 0.999386 -7.39496
6.13372e-05 0.999939 -9.69906
5.84893e-05 0.999941 -9.74661
0.00259559 0.997404 -5.95134
0.000996183 0.999004 -6.91058
1.21897e-05 0.999988 -11.3149
0.00160984 0.99839 -6.43001
2.48403e-05 0.999975 -10.603
0.000146354 0.999854 -8.82934
8.62137e-05 0.999914 -9.3586
1.21833e-05 0.999988 -11.3154
8.75197e-05 0.999913 -9.34356
8.72579e-05 0.999913 -9.34655
3.72839e-05 0.999963 -10.1969
0.000110329 0.99989 -9.11193
0.00730943 0.992691 -4.91125
0.00472302 0.995277 -5.35057
0.00058505 0.999415 -7.44323
0.00126321 0.998737 -6.67284
0.00710266 0.992897 -4.94016
0.0120021 0.987998 -4.4106
0.00123781 0.998762 -6.69317
0.0329141 0.967086 -3.38039
0.00983359 0.990166 -4.61207
0.00244827 0.997552 -6.00992
0.00228448 0.997715 -6.07933
0.00649199 0.993508 -5.03067
1.66272e-05 0.999983 -11.0045
0.000383232 0.999617 -7.86649
0.00113878 0.998861 -6.77666
0.000164659 0.999835 -8.71147
0.00797752 0.992023 -4.82312
0.000719088 0.999281 -7.23681
0.0278464 0.972154 -3.55281
0.00149284 0.998507 -6.50558
0.00027249 0.999728 -8.20764
0.000410902 0.999589 -7.79674
0.000606788 0.999393 -7.40672
0.151859 0.848141 -1.7201
0.000271545 0.999728 -8.21111
0.000229463 0.999771 -8.37954
0.000259233 0.999741 -8.25752
0.000236515 0.999763 -8.34926
7.2632e-05 0.999927 -9.53003
0.000181121 0.999819 -8.61617
0.000122969 0.999877 -9.00346
9.14612e-05 0.999909 -9.2995
0.000129478 0.999871 -8.95187
0.000408634 0.999591 -7.80228
0.000193795 0.999806 -8.54852
5.41741e-05 0.999946 -9.82325
0.000103226 0.999897 -9.17848
1.2519e-05 0.999987 -11.2883
3.46263e-05 0.999965 -10.2709
4.03531e-05 0.99996 -10.1178
0.000505744 0.999494 -7.58897
0.000118807 0.999881 -9.03789
5.19618e-05 0.999948 -9.86495
9.05481e-05 0.999909 -9.30954
5.73626e-05 0.999943 -9.76606
5.2456e-05 0.999948 -9.85548
7.68613e-05 0.999923 -9.47343
9.80549e-05 0.999902 -9.22989
0.000536985 0.999463 -7.529
0.00409827 0.995902 -5.49308
0.000509569 0.99949 -7.58144
7.4044e-05 0.999926 -9.51078
3.77651e-06 0.999996 -12.4867
5.71663e-06 0.999994 -12.0721
9.40307e-06 0.999991 -11.5745
9.44551e-05 0.999906 -9.26729
1.02358e-05 0.99999 -11.4896
3.1153e-05 0.999969 -10.3766
2.89366e-06 0.999997 -12.753
7.30548e-06 0.999993 -11.8269
5.95203e-05 0.999941 -9.72913
5.01625e-05 0.99995 -9.90019
2.38244e-06 0.999998 -12.9474
2.4173e-05 0.999976 -10.6302
7.33968e-06 0.999993 -11.8222
1.13377e-05 0.999989 -11.3874
1.15379e-05 0.999988 -11.3699
0.000135633 0.999864 -8.90542
0.0195226 0.980477 -3.91646
0.00255966 0.99744 -5.96532
0.00508672 0.994913 -5.27602
0.000279015 0.999721 -8.18397
0.002636 0.997364 -5.93585
0.000466561 0.999533 -7.66965
0.000645095 0.999355 -7.34547
0.000506036 0.999494 -7.5884
0.00246028 0.99754 -6.00502
0.018945 0.981055 -3.94709
0.0207069 0.979293 -3.85636
7.16412e-05 0.999928 -9.54377
1.78979e-06 0.999998 -13.2334
2.24717e-05 0.999977 -10.7032
5.2221e-05 0.999948 -9.85997
3.80851e-05 0.999962 -10.1756
1.26233e-05 0.999987 -11.28
1.40926e-05 0.999986 -11.1698
8.35096e-06 0.999992 -11.6931
6.59352e-06 0.999993 -11.9294
5.22297e-05 0.999948 -9.85981
0.000128775 0.999871 -8.95731
0.000523873 0.999476 -7.55374
0.000170795 0.999829 -8.67487
4.65226e-05 0.999954 -9.97553
0.000225274 0.999775 -8.39797
0.000170511 0.999829 -8.67654
0.00111526 0.998885 -6.79755
0.000586025 0.999414 -7.44156
0.000132387 0.999868 -8.92965
7.39648e-05 0.999926 -9.51185
0.0229954 0.977005 -3.7492
0.000133768 0.999866 -8.91927
0.000312932 0.999687 -8.06921
0.00572431 0.994276 -5.15729
0.000340687 0.999659 -7.98421
0.00153196 0.998468 -6.47967
5.50355e-05 0.999945 -9.80748
0.00713406 0.992866 -4.93571
0.000147772 0.999852 -8.8197
0.000282092 0.999718 -8.17299
0.000315494 0.999685 -8.06106
0.000234037 0.999766 -8.3598
0.000451462 0.999548 -7.70257
0.000323231 0.999677 -8.03682
9.51887e-05 0.999905 -9.25955
0.000914903 0.999085 -6.99578
0.000369986 0.99963 -7.90167
2.65015e-05 0.999974 -10.5383
0.000389967 0.99961 -7.84906
0.00555148 0.994449 -5.18812
7.80327e-06 0.999992 -11.761
2.12699e-05 0.999979 -10.7582
5.33592e-05 0.999947 -9.83841
1.12307e-05 0.999989 -11.3968
8.49551e-05 0.999915 -9.3733
1.82458e-05 0.999982 -10.9116
9.14351e-06 0.999991 -11.6025
3.1416e-05 0.999969 -10.3682
3.75288e-05 0.999962 -10.1904
3.11751e-05 0.999969 -10.3759
0.000835904 0.999164 -7.08616
0.00612739 0.993873 -5.08884
1.35011e-05 0.999987 -11.2127
3.2927e-05 0.999967 -10.3212
8.63301e-05 0.999914 -9.35725
5.5708e-05 0.999944 -9.79533
0.000188409 0.999812 -8.57671
7.85521e-06 0.999992 -11.7543
0.000281302 0.999719 -8.1758
3.24141e-06 0.999997 -12.6395
9.66681e-07 0.999999 -13.8494
5.68096e-05 0.999943 -9.77575
1.89574e-05 0.999981 -10.8733
6.00388e-06 0.999994 -12.0231
2.37737e-05 0.999976 -10.6469
1.9175e-05 0.999981 -10.8619
5.6247e-05 0.999944 -9.7857
2.64711e-05 0.999974 -10.5394
1.7883e-06 0.999998 -13.2342
2.41809e-06 0.999998 -12.9325
2.07231e-05 0.999979 -10.7842
1.74708e-05 0.999982 -10.955
2.66315e-05 0.999973 -10.5334
1.65929e-05 0.999983 -11.0065
5.44279e-05 0.999946 -9.81858
1.58924e-05 0.999984 -11.0497
0.000291926 0.999708 -8.13872
0.000227717 0.999772 -8.38718
0.0017835 0.998216 -6.32739
1.31091e-05 0.999987 -11.2422
6.20432e-05 0.999938 -9.68762
4.66659e-05 0.999953 -9.97245
0.00301566 0.996984 -5.80092
0.00202983 0.99797 -6.19777
0.00328181 0.996718 -5.71607
0.000343648 0.999656 -7.97555
0.00035335 0.999647 -7.9477
4.5725e-06 0.999995 -12.2954
0.00123855 0.998761 -6.69257
0.00403637 0.995964 -5.50837
0.000778673 0.999221 -7.15714
0.000282853 0.999717 -8.1703
0.0156156 0.984384 -4.14374
0.082636 0.917364 -2.40706
0.0456609 0.954339 -3.03978
0.00717273 0.992827 -4.93027
0.386573 0.613427 -0.461739
0.0950627 0.904937 -2.25333
0.00312275 0.996877 -5.76591
0.00060999 0.99939 -7.40146
0.0697712 0.930229 -2.59021
0.0395066 0.960493 -3.19098
0.000250594 0.999749 -8.29143
0.0165276 0.983472 -4.08606
0.00213778 0.997862 -6.14585
0.000291545 0.999708 -8.14003
0.00396162 0.996038 -5.52713
0.00175656 0.998243 -6.34264
0.00387805 0.996122 -5.54854
0.000203497 0.999797 -8.49966
0.00051274 0.999487 -7.57523
0.00372708 0.996273 -5.5884
0.000104564 0.999895 -9.16561
0.000470692 0.999529 -7.66083
0.000111845 0.999888 -9.09829
8.27923e-06 0.999992 -11.7018
9.08275e-05 0.999909 -9.30646
0.000115792 0.999884 -9.0636
0.000962425 0.999038 -6.94509
0.000143268 0.999857 -8.85065
0.000286108 0.999714 -8.15885
0.00127592 0.998724 -6.66281
7.32678e-06 0.999993 -11.824
1.61417e-05 0.999984 -11.0341
2.33703e-05 0.999977 -10.664
6.35569e-05 0.999936 -9.66351
1.79786e-05 0.999982 -10.9263
6.68069e-05 0.999933 -9.61364
9.02513e-05 0.99991 -9.31282
9.48182e-05 0.999905 -9.26345
1.4224e-05 0.999986 -11.1606
4.07772e-05 0.999959 -10.1073
5.45295e-06 0.999995 -12.1193
1.95662e-05 0.99998 -10.8417
1.03615e-05 0.99999 -11.4774
0.000342386 0.999658 -7.97923
2.00613e-05 0.99998 -10.8167
1.40122e-05 0.999986 -11.1756
0.00572695 0.994273 -5.15683
2.9028e-05 0.999971 -10.4472
3.63351e-05 0.999964 -10.2227
0.000337869 0.999662 -7.99251
0.00071466 0.999285 -7.24299
0.00125046 0.998749 -6.68299
0.00036989 0.99963 -7.90194
0.0017992 0.998201 -6.31861
0.00028964 0.99971 -8.14658
0.00122487 0.998775 -6.7037
0.00117519 0.998825 -6.74515
0.00033605 0.999664 -7.99791
0.000795311 0.999205 -7.13598
0.000780287 0.99922 -7.15507
4.86082e-05 0.999951 -9.93167
0.000343596 0.999656 -7.9757
0.00035956 0.99964 -7.93027
0.00074755 0.999252 -7.19796
0.000540789 0.999459 -7.52194
0.000188099 0.999812 -8.57835
0.00937381 0.990626 -4.66042
0.000356468 0.999644 -7.93891
0.000680535 0.999319 -7.29195
0.000269763 0.99973 -8.2177
0.000407108 0.999593 -7.80603
9.95483e-05 0.9999 -9.21477
2.11278e-05 0.999979 -10.7649
0.00115017 0.99885 -6.7667
0.000787761 0.999212 -7.14553
4.32042e-05 0.999957 -10.0495
2.41779e-05 0.999976 -10.63
0.000133277 0.999867 -8.92295
0.00108641 0.998914 -6.82379
0.00451691 0.995483 -5.3954
0.00104229 0.998958 -6.86529
0.00753435 0.992466 -4.88072
0.000317037 0.999683 -8.05618
0.00033055 0.999669 -8.01442
0.00148728 0.998513 -6.50932
0.00120502 0.998795 -6.72006
0.000102786 0.999897 -9.18276
0.000501156 0.999499 -7.59809
0.0056602 0.99434 -5.16862
0.000474255 0.999526 -7.65329
0.000548746 0.999451 -7.50733
0.00276291 0.997237 -5.8887
0.00364349 0.996356 -5.61116
0.00267388 0.997326 -5.92155
0.00411559 0.995884 -5.48885
0.00171232 0.998288 -6.36819
0.00306729 0.996933 -5.78389
0.00241462 0.997585 -6.0238
0.000358047 0.999642 -7.93449
0.000923613 0.999076 -6.98629
1.76962e-05 0.999982 -10.9421
7.09512e-05 0.999929 -9.55345
1.85402e-05 0.999981 -10.8955
5.70092e-05 0.999943 -9.77224
9.44734e-05 0.999905 -9.2671
0.000134139 0.999866 -8.9165
0.000131604 0.999868 -8.93559
2.3502e-05 0.999977 -10.6584
6.38791e-06 0.999994 -11.9611
4.9077e-05 0.999951 -9.92207
3.23699e-05 0.999968 -10.3382
0.000363773 0.999636 -7.91862
2.89748e-05 0.999971 -10.4491
7.36724e-05 0.999926 -9.51581
0.000249178 0.999751 -8.29709
0.000416188 0.999584 -7.78396
0.000151144 0.999849 -8.79713
0.000134095 0.999866 -8.91682
0.000563414 0.999437 -7.48093
6.77192e-06 0.999993 -11.9027
3.03614e-05 0.99997 -10.4023
0.000400203 0.9996 -7.82314
4.72528e-05 0.999953 -9.95995
0.000293364 0.999707 -8.1338
0.000230701 0.999769 -8.37416
0.000337916 0.999662 -7.99238
6.30705e-05 0.999937 -9.67119
5.3581e-05 0.999946 -9.83426
5.14263e-05 0.999949 -9.87531
0.000989843 0.99901 -6.91697
6.6999e-05 0.999933 -9.61077
2.58e-05 0.999974 -10.5651
2.44576e-05 0.999976 -10.6185
0.0059718 0.994028 -5.11472
7.83189e-05 0.999922 -9.45464
8.7985e-06 0.999991 -11.6409
0.000296619 0.999703 -8.12277
2.56877e-05 0.999974 -10.5695
2.55257e-05 0.999974 -10.5758
4.29903e-05 0.999957 -10.0545
5.10622e-06 0.999995 -12.185
1.16838e-05 0.999988 -11.3573
0.000148179 0.999852 -8.81694
2.17322e-05 0.999978 -10.7367
5.03336e-05 0.99995 -9.89679
0.000252622 0.999747 -8.28337
3.92894e-06 0.999996 -12.4471
2.04595e-05 0.999979 -10.797
5.82089e-06 0.999994 -12.0541
4.60944e-05 0.999954 -9.98477
3.04315e-05 0.99997 -10.4
9.80293e-05 0.999902 -9.23015
8.45126e-05 0.999915 -9.37852
3.03202e-05 0.99997 -10.4037
0.000210464 0.99979 -8.46599
0.000363469 0.999637 -7.91945
0.00295322 0.997047 -5.8219
0.000325869 0.999674 -8.02869
0.00096958 0.99903 -6.93768
6.20956e-05 0.999938 -9.68677
0.000151852 0.999848 -8.79245
9.02492e-05 0.99991 -9.31285
0.000107383 0.999893 -9.139
0.000123679 0.999876 -8.99769
8.65829e-05 0.999913 -9.35432
2.5115e-05 0.999975 -10.592
6.21916e-05 0.999938 -9.68523
3.31312e-06 0.999997 -12.6176
0.000759215 0.999241 -7.18247
0.000366673 0.999633 -7.91067
0.00711526 0.992885 -4.93837
0.0140255 0.985974 -4.25275
0.0121349 0.987865 -4.39946
0.0701983 0.929802 -2.58365
0.0283849 0.971615 -3.5331
0.00108824 0.998912 -6.82211
0.000927038 0.999073 -6.98259
0.0228043 0.977196 -3.75774
4.27127e-05 0.999957 -10.061
0.00196958 0.99803 -6.22796
9.52634e-05 0.999905 -9.25877
0.000268478 0.999731 -8.22247
3.65307e-05 0.999964 -10.2173
0.000344587 0.999655 -7.97282
0.00072217 0.999278 -7.23253
2.21708e-05 0.999978 -10.7167
2.93911e-05 0.999971 -10.4348
2.67019e-05 0.999973 -10.5307
3.69423e-05 0.999963 -10.2061
1.46533e-05 0.999985 -11.1308
8.56197e-06 0.999991 -11.6682
3.86259e-05 0.999961 -10.1615
3.11732e-06 0.999997 -12.6785
6.97315e-06 0.999993 -11.8734
5.61541e-06 0.999994 -12.09
0.000591171 0.999409 -7.43281
2.73635e-06 0.999997 -12.8089
4.58021e-05 0.999954 -9.99113
7.41926e-05 0.999926 -9.50877
1.51447e-05 0.999985 -11.0978
0.00170385 0.998296 -6.37316
0.00179121 0.998209 -6.32307
0.00877795 0.991222 -4.7267
0.00162285 0.998377 -6.42195
0.00247876 0.997521 -5.99752
0.00117231 0.998828 -6.74761
0.00232827 0.997672 -6.0603
0.00922744 0.990773 -4.6763
7.44272e-05 0.999926 -9.50562
5.37071e-06 0.999995 -12.1345
4.53748e-05 0.999955 -10.0005
9.04441e-05 0.99991 -9.31069
8.18941e-05 0.999918 -9.41
0.000379015 0.999621 -7.87755
0.000106524 0.999893 -9.14703
4.91541e-05 0.999951 -9.9205
1.86398e-05 0.999981 -10.8902
2.00563e-05 0.99998 -10.8169
0.000161301 0.999839 -8.73208
0.00268728 0.997313 -5.91653
2.77212e-05 0.999972 -10.4933
2.70528e-05 0.999973 -10.5177
0.000194653 0.999805 -8.5441
0.000137908 0.999862 -8.88879
6.53032e-05 0.999935 -9.6364
0.000274251 0.999726 -8.20119
4.3521e-06 0.999996 -12.3448
0.000143184 0.999857 -8.85124
0.00027677 0.999723 -8.19205
0.000392408 0.999608 -7.84282
1.48571e-05 0.999985 -11.117
2.46277e-05 0.999975 -10.6116
5.61879e-06 0.999994 -12.0894
1.4602e-05 0.999985 -11.1343
7.95699e-06 0.999992 -11.7415
2.21629e-05 0.999978 -10.7171
3.46015e-05 0.999965 -10.2716
2.20914e-05 0.999978 -10.7203
5.84657e-05 0.999942 -9.74701
1.59275e-05 0.999984 -11.0474
0.000673302 0.999327 -7.30264
0.000115993 0.999884 -9.06186
7.48057e-05 0.999925 -9.50054
0.000103923 0.999896 -9.17176
3.14188e-05 0.999969 -10.3681
1.26435e-05 0.999987 -11.2784
0.000131257 0.999869 -8.93822
1.01177e-05 0.99999 -11.5012
0.000137685 0.999862 -8.8904
6.04331e-05 0.99994 -9.71391
1.39103e-06 0.999999 -13.4855
2.52354e-05 0.999975 -10.5872
4.77775e-05 0.999952 -9.94891
2.71905e-05 0.999973 -10.5126
7.61814e-06 0.999992 -11.785
4.76589e-05 0.999952 -9.95139
0.000175664 0.999824 -8.64676
2.74326e-05 0.999973 -10.5038
0.000168244 0.999832 -8.68992
5.66143e-05 0.999943 -9.77919
0.000125691 0.999874 -8.98156
0.000242472 0.999758 -8.32438
0.000120887 0.999879 -9.02053
7.05932e-07 0.999999 -14.1637
3.59934e-05 0.999964 -10.2321
5.07147e-05 0.999949 -9.88924
9.69406e-06 0.99999 -11.544
2.26058e-05 0.999977 -10.6973
2.39912e-05 0.999976 -10.6378
1.64575e-05 0.999984 -11.0147
0.000307566 0.999692 -8.08651
0.073348 0.926652 -2.53636
0.0187606 0.981239 -3.95706
0.00141402 0.998586 -6.5599
0.0144754 0.985525 -4.22073
0.000663949 0.999336 -7.31664
8.55414e-05 0.999914 -9.36642
0.000602206 0.999398 -7.41431
0.000181663 0.999818 -8.61318
0.0136398 0.98636 -4.28103
0.00048284 0.999517 -7.63534
0.000631157 0.999369 -7.36733
0.000396819 0.999603 -7.83163
0.00595221 0.994048 -5.11802
0.00909079 0.990909 -4.69136
0.00440703 0.995593 -5.42014
0.00499681 0.995003 -5.29395
0.0133049 0.986695 -4.30623
0.0906904 0.90931 -2.30523
0.142489 0.857511 -1.79477
0.000406974 0.999593 -7.80635
0.000154064 0.999846 -8.77799
0.000381838 0.999618 -7.87013
0.00726411 0.992736 -4.91752
0.000915448 0.999085 -6.99518
0.0112281 0.988772 -4.47804
0.00521076 0.994789 -5.2518
0.00763101 0.992369 -4.86787
0.00063362 0.999366 -7.36343
0.000180704 0.999819 -8.61847
0.000107211 0.999893 -9.14061
0.000124268 0.999876 -8.99295
0.00017037 0.99983 -8.67737
5.00399e-05 0.99995 -9.90264
0.000519649 0.99948 -7.56184
3.55577e-05 0.999964 -10.2443
0.000118929 0.999881 -9.03686
1.00725e-05 0.99999 -11.5057
3.07343e-05 0.999969 -10.3901
4.8862e-05 0.999951 -9.92646
1.04511e-05 0.99999 -11.4688
9.72191e-06 0.99999 -11.5411
1.57166e-05 0.999984 -11.0608
5.13701e-06 0.999995 -12.179
2.38558e-05 0.999976 -10.6435
0.000180812 0.999819 -8.61787
9.64322e-06 0.99999 -11.5492
1.46411e-05 0.999985 -11.1317
2.94024e-06 0.999997 -12.737
1.62405e-05 0.999984 -11.028
0.00195135 0.998049 -6.23728
0.0058696 0.99413 -5.13208
0.00173839 0.998262 -6.35306
0.00125763 0.998742 -6.67727
0.00119024 0.99881 -6.73241
0.000435147 0.999565 -7.73939
0.0211139 0.978886 -3.83649
0.0216327 0.978367 -3.81168
0.00257933 0.997421 -5.95764
0.0266456 0.973354 -3.59812
5.81009e-05 0.999942 -9.75327
0.00344048 0.99656 -5.6687
0.000107479 0.999892 -9.13811
6.33668e-05 0.999937 -9.66651
4.17786e-05 0.999958 -10.0831
6.12426e-06 0.999994 -12.0032
3.50063e-05 0.999965 -10.2599
9.66548e-05 0.999903 -9.24427
0.000105005 0.999895 -9.16139
0.000157603 0.999842 -8.75528
8.9608e-05 0.99991 -9.31998
7.6386e-05 0.999924 -9.47964
4.61948e-05 0.999954 -9.9826
0.00230159 0.997698 -6.07185
0.00104657 0.998953 -6.86119
0.000212937 0.999787 -8.4543
0.000167488 0.999833 -8.69443
0.000108899 0.999891 -9.12498
0.0264475 0.973552 -3.60579
0.00188754 0.998112 -6.27059
0.000353179 0.999647 -7.94818
4.23682e-05 0.999958 -10.0691
2.36095e-05 0.999976 -10.6538
5.17873e-06 0.999995 -12.1709
4.25809e-05 0.999957 -10.0641
4.48583e-05 0.999955 -10.012
2.28865e-06 0.999998 -12.9875
7.96541e-07 0.999999 -14.043
1.82936e-06 0.999998 -13.2115
2.90094e-05 0.999971 -10.4479
1.48688e-05 0.999985 -11.1162
6.14143e-06 0.999994 -12.0004
5.79763e-05 0.999942 -9.75542
2.66587e-06 0.999997 -12.835
1.14945e-05 0.999989 -11.3736
0.00190249 0.998097 -6.26268
7.46398e-05 0.999925 -9.50276
2.92845e-05 0.999971 -10.4384
8.54998e-05 0.999915 -9.36691
6.29482e-05 0.999937 -9.67313
2.0519e-05 0.999979 -10.7941
4.49971e-06 0.999995 -12.3115
1.02258e-05 0.99999 -11.4906
1.40963e-05 0.999986 -11.1696
1.47664e-05 0.999985 -11.1231
3.14116e-05 0.999969 -10.3683
7.2559e-05 0.999927 -9.53104
4.26696e-05 0.999957 -10.062
6.13297e-05 0.999939 -9.69918
8.39841e-05 0.999916 -9.3848
0.0024797 0.99752 -5.99713
0.000408668 0.999591 -7.8022
0.00277229 0.997228 -5.88531
0.999996 4.43388e-06 12.3262
0.00047039 0.99953 -7.66148
0.000590475 0.99941 -7.43399
0.0295814 0.970419 -3.49058
0.000251527 0.999749 -8.28771
0.000172753 0.999827 -8.66348
0.0140912 0.985909 -4.24802
0.000133637 0.999866 -8.92025
1.5794e-05 0.999984 -11.0559
2.84263e-05 0.999972 -10.4682
1.37657e-05 0.999986 -11.1933
0.000140018 0.99986 -8.8736
2.14453e-05 0.999979 -10.75
7.64174e-05 0.999924 -9.47922
0.000151943 0.999848 -8.79185
0.000170212 0.99983 -8.6783
4.39964e-05 0.999956 -10.0314
7.89053e-06 0.999992 -11.7498
0.00940309 0.990597 -4.65727
0.000152988 0.999847 -8.785
5.08908e-05 0.999949 -9.88578
1.34374e-05 0.999987 -11.2175
0.997602 0.00239767 6.03086
0.000214839 0.999785 -8.44541
0.00170221 0.998298 -6.37413
4.4126e-05 0.999956 -10.0284
8.58411e-05 0.999914 -9.36293
