7.61524
5.11583
6.8371
3.35833
6.40621
4.00747
5.33034
5.60094
5.6469
5.50681
8.6969
8.09829
7.42901
6.70552
6.06693
7.97801
6.5484
5.61676
7.29256
8.47657
7.67645
7.67317
9.77234
7.45889
10.514
9.20926
9.29252
10.7639
11.4988
10.342
8.95713
10.8373
9.80425
13.8846
12.8521
10.5029
10.7822
10.3277
11.555
12.9622
9.84699
10.7025
11.5863
9.94636
12.3887
12.324
12.0701
12.7848
11.6458
11.5867
14.5223
11.1754
9.51863
9.73023
9.38251
11.4775
8.23238
9.61014
9.08018
9.38597
9.30608
9.1868
12.7664
12.6296
14.1444
15.0131
13.4446
14.153
11.7842
10.8639
11.6778
11.5108
7.44616
5.73153
7.76513
7.83484
7.12792
7.71134
5.54285
5.69638
7.0808
6.60252
7.63017
8.9901
10.5783
8.81551
9.36381
9.1579
7.95129
8.86758
7.34874
8.62593
9.85191
7.10283
8.49918
8.7101
10.462
14.0086
13.7544
14.3552
11.9288
15.2214
13.9816
14.3
13.0429
13.3027
14.0363
6.92607
4.5601
2.43031
5.92235
3.28877
4.53822
5.09324
4.2272
4.9092
5.96342
9.36438
12.0676
6.90086
6.38549
6.31892
8.51765
7.39102
8.0617
8.14468
7.69662
8.84304
7.26219
10.8835
11.0811
13.0497
11.6818
13.2618
8.51731
12.3996
12.6883
11.0711
12.4943
10.3742
7.53548
8.62615
9.17655
9.17266
9.89205
6.43788
7.43535
9.88825
7.19751
6.11789
7.37099
8.40158
8.61999
8.37695
8.31633
8.33027
12.2328
11.8046
12.5572
10.0049
8.9659
14.1822
12.4738
7.83326
14.3076
12.8474
14.4843
13.2697
4.53428
4.53757
3.24731
3.94797
1.84336
5.54488
5.57071
4.19241
6.1205
2.09666
9.10469
8.58235
9.68351
8.17778
8.43113
8.05158
9.08905
9.71494
8.52604
8.12695
7.52242
6.19511
7.29574
6.9995
6.83572
4.94265
6.92626
6.25506
5.63887
7.58408
8.821
7.57717
9.95081
8.6017
9.79033
9.13165
9.62915
9.40112
8.34475
6.41685
11.8747
10.778
11.3128
11.2325
12.4191
11.3966
9.73249
11.3067
10.8236
11.2663
6.35223
7.62828
10.022
10.428
9.14313
7.33553
9.61744
8.6806
8.20248
7.92692
6.64235
6.34841
6.15864
6.01749
4.37348
6.12802
6.41662
7.31427
6.48906
6.95975
8.24393
6.34536
4.82526
6.42551
4.75444
6.57023
7.14207
6.50778
5.55134
5.21604
3.32733
3.85754
1.65156
1.52212
0.164857
1.39176
0.904001
1.10421
0.12534
1.16324
7.24566
6.83155
7.65295
5.68323
7.80307
8.05795
7.79612
8.42058
6.96527
6.49125
7.56597
8.15167
8.84631
7.91741
6.93394
8.63468
6.47782
8.0486
8.3242
7.12406
8.76024
7.22801
5.77523
6.58635
7.02644
7.09381
6.79957
7.127
5.45241
5.34387
6.34192
5.92817
6.95017
7.03528
7.71587
8.09803
7.4705
7.75793
11.0601
11.5692
9.79002
11.9835
7.25223
9.77193
10.6674
11.7764
10.1073
7.98492
8.72801
11.2357
7.76214
6.34174
7.72329
8.85113
8.74044
4.66608
5.72842
7.74059
6.37565
8.12489
8.47719
7.89982
7.06135
7.76279
7.67563
5.51836
7.55769
7.31225
6.00184
6.3438
8.9483
7.86905
9.52801
8.96529
9.14882
6.97153
8.52045
9.37103
8.71127
7.72292
5.92243
5.95111
5.31567
4.35731
5.0054
4.03322
6.0498
5.55013
4.58935
4.49872
9.63818
9.77675
7.78344
10.0964
12.8448
11.9437
11.2155
8.7412
14.0185
11.9171
6.85077
6.68043
5.97495
6.55708
7.35901
5.25982
6.67364
5.45431
4.23612
7.15939
8.74249
6.62439
9.0286
7.2291
8.15926
8.88297
10.1505
8.32968
9.86068
8.66375
1.49754
1.01541
0.86877
0.930982
0.734181
1.77377
0.0776619
1.35191
1.47287
1.76332
10.7808
9.87477
12.7623
13.5478
11.241
10.9585
13.5998
13.2586
8.68134
10.5372
6.62451
7.96764
7.6469
6.82678
6.86353
6.03619
6.30738
7.58787
6.06876
6.66949
5.16604
5.50294
5.95668
4.73319
6.16179
8.74033
7.40461
8.15428
6.94249
5.40584
6.38107
9.28396
8.24714
9.3942
8.68251
11.0238
7.03906
9.68443
8.84036
8.1172
10.0527
12.9217
10.5262
11.0135
12.2386
12.4451
10.7546
9.48357
9.11752
10.6909
8.17572
7.58597
6.75917
9.90412
5.94137
7.24284
6.85523
9.5549
8.95033
8.84487
5.43285
5.36179
4.08426
4.78667
6.44172
4.89444
4.27568
5.85404
7.5571
7.31716
2.83685
6.32251
8.67668
6.34022
8.65567
6.33783
6.86647
6.96186
6.03841
7.52486
7.92992
6.26166
8.4126
7.21009
7.33012
6.26104
7.44195
8.01669
8.24449
9.68663
7.52741
9.99774
8.00401
7.57864
8.3436
8.22029
7.43121
8.39343
8.82755
8.34494
7.42373
8.2514
8.73424
9.45285
9.15317
8.7835
8.60651
8.3866
9.38087
7.3335
7.66549
9.08901
7.10266
7.23776
5.9205
7.59777
6.72517
6.15658
6.59489
4.58597
7.20931
9.42075
9.73401
7.6839
10.1008
8.96095
8.7849
8.33972
6.85725
7.45977
6.06325
5.30451
5.03057
7.98306
4.15798
5.23501
6.92474
7.7004
8.61274
7.50809
9.92238
9.1771
9.15448
9.73776
9.07104
10.4512
8.25742
9.34709
6.67054
6.71984
7.50492
6.31095
6.43855
7.25262
5.50343
6.60453
4.55148
7.4026
7.57019
6.50291
5.23567
7.66338
6.44352
5.75698
6.55693
7.31051
5.15508
5.13755
8.38649
7.55797
7.59546
6.96621
7.97048
8.18963
7.72841
8.95927
8.70196
8.79686
10.6765
8.56565
12.1772
10.2655
10.6079
9.65903
11.3229
10.6659
10.4282
11.8942
6.9648
6.93668
7.01218
7.88443
4.5599
5.59073
6.68564
5.41042
8.73271
6.67408
11.2036
8.84494
10.7104
9.29879
11.6694
9.66775
8.70824
10.3412
10.3323
10.1314
2.96306
4.74301
4.98482
4.53766
6.0463
5.2952
6.38979
5.22747
5.80797
5.88597
0.440202
-2.83402
2.92077
1.92537
1.01534
3.86524
1.32675
2.86429
1.16989
1.29457
6.11771
3.98741
3.4546
1.50761
5.72946
6.17958
5.9101
4.32037
4.23442
3.29177
3.47657
1.70156
3.96666
3.85559
3.88287
2.14828
5.48149
5.31498
5.35807
6.13711
10.7824
8.17784
5.80019
7.69679
7.8057
5.89642
8.23145
9.5192
7.01129
7.34242
7.7315
9.80928
9.34389
5.72743
6.66434
8.99863
7.70585
9.5231
9.32141
10.1621
12.5515
12.5867
10.8914
9.48437
6.94739
10.1534
7.53328
9.7596
12.7193
9.52916
8.93626
8.36504
8.56049
9.61962
9.08718
7.35285
8.74755
7.68399
8.26018
9.66049
8.07972
7.29691
5.94522
6.54125
10.334
6.82705
6.32888
7.50002
6.63965
8.33753
12.5863
9.61444
9.29297
10.4281
10.7164
11.4093
10.6497
11.3947
9.67437
10.1663
5.81158
3.70385
3.61542
3.65896
1.6862
3.18472
3.958
3.01089
2.33231
3.32428
10.8877
11.0315
12.6604
11.4504
10.3501
11.3836
9.28928
11.4979
8.84905
11.6887
8.81196
8.30478
6.74724
8.77549
9.01707
7.94242
8.84103
9.11116
7.86139
8.34525
7.58821
8.84063
7.8316
7.66835
9.80725
7.85811
7.4257
7.90735
7.8183
8.80437
8.29355
6.61829
6.7817
6.65785
7.36686
6.80074
7.96451
6.69965
7.27249
8.11532
8.08287
6.57891
5.53545
6.10691
7.17938
8.42314
5.32281
7.0796
7.44387
8.36674
6.99177
7.74386
6.94213
9.19537
8.7478
9.21658
8.77912
8.10619
9.03036
10.7229
7.79718
6.80812
6.75248
7.21124
6.63585
8.49877
7.22611
7.11586
6.25863
6.69984
9.24756
9.95487
8.48851
9.31276
10.9942
10.4505
9.88485
9.86237
10.24
8.6621
7.80899
7.06667
9.98018
6.41117
9.21363
9.70243
7.36396
8.85571
9.48952
7.65827
4.64993
3.89386
3.28854
4.42978
3.18845
3.85561
3.67817
3.69272
3.93212
4.63409
10.7219
10.577
10.453
10.5091
9.19938
10.1987
10.2639
10.3521
9.32109
9.25529
8.9139
9.16729
10.2686
7.87205
8.08778
9.07803
7.57609
9.07881
8.17113
8.37674
6.03132
8.57286
7.08075
6.796
6.68228
7.623
6.84862
6.6126
6.89988
7.93981
10.9289
9.83396
9.34184
11.0758
11.5179
7.79953
11.352
10.0853
9.14045
11.7562
8.02356
8.77523
8.36332
10.8061
6.28996
4.96669
5.33025
5.71297
8.32205
6.25414
5.60572
5.86284
4.1181
7.35181
6.85396
6.66686
6.47677
6.20531
6.73211
7.87416
7.19031
9.85447
8.28501
9.32145
8.54654
8.42028
8.22384
9.80567
8.14825
8.37399
10.359
9.99664
11.0304
8.43766
10.8685
10.8254
6.5638
7.9274
7.60475
8.95937
9.05225
6.20362
8.10379
7.68254
7.5294
6.70013
6.00823
7.35382
6.49987
8.97826
8.7048
7.4194
8.30188
9.02713
8.07764
8.66847
7.27071
7.57854
6.81022
8.55057
11.0725
10.1362
11.0283
10.4094
11.4133
10.2851
11.0725
9.98312
13.1
12.2268
2.40721
3.45355
2.82563
3.17701
2.2957
3.12805
4.06423
4.54606
4.91689
5.23668
12.9876
11.9805
10.2277
12.8436
11.9187
9.72642
11.5937
11.0137
13.1647
12.6472
10.4781
9.65438
8.52115
7.87189
8.43679
8.23863
9.9125
9.96382
8.02012
9.23151
9.4239
9.34762
9.78201
8.33231
8.40338
8.72578
7.6504
9.17249
8.88161
9.96566
7.89907
8.19854
7.49211
7.8456
7.71899
7.23221
8.8725
6.07634
7.53037
6.82511
7.81376
7.2881
9.11697
5.95329
7.79706
8.39024
7.90335
9.33347
7.7418
8.47496
5.959
6.72714
2.85212
3.38474
4.5754
6.63032
3.85013
6.08519
0.502304
2.98931
4.21037
2.54267
0.854068
1.28291
2.57385
0.801274
2.75411
4.10458
12.4892
12.6637
10.8448
11.3063
13.0606
11.3002
13.3961
11.4736
10.413
8.81297
6.02861
4.29157
2.78875
3.7476
3.93986
1.7757
0.760246
3.8276
1.86698
2.94112
6.82685
7.46542
6.12862
6.8119
7.1635
6.78069
8.04138
6.43645
6.7466
8.34355
4.7816
10.66
9.35552
9.89734
9.46658
8.94491
10.5338
8.55722
9.14255
7.90783
7.79156
8.16304
7.1046
6.66766
8.07943
5.70657
7.58088
6.32406
6.27819
7.07099
7.6682
3.1995
3.24445
3.80476
2.15333
3.24253
4.34268
1.28907
4.4955
3.69586
4.29691
7.45977
10.1667
7.90999
7.87644
7.54332
4.99351
8.41762
7.16573
8.69739
7.76304
6.52459
4.25056
4.8532
2.43069
2.13899
1.42201
3.05292
1.61384
-0.5709
2.88813
0.994752
3.91348
8.5032
7.58355
10.5541
9.26799
8.85292
8.82749
8.1126
8.15533
6.93542
9.06779
5.14667
3.88111
4.40602
4.53695
4.1884
3.74179
4.47675
6.2571
4.34947
5.44686
10.801
10.9382
10.0664
8.9557
9.74904
11.7452
8.09532
9.35609
10.4111
9.87738
9.6252
13.4846
13.5311
10.1504
12.5541
12.9686
11.7394
11.9889
10.7877
10.7864
5.29474
4.23109
5.29652
5.11919
5.35372
5.54679
5.87977
5.30575
6.10672
6.10072
3.9847
2.82972
3.0918
2.87488
1.3457
2.01805
4.17355
2.08743
2.57931
6.68839
5.69449
6.19909
4.7378
6.60402
6.71695
7.87919
6.25938
7.00752
7.12564
8.06021
9.50618
12.0014
10.0945
11.8221
9.87976
8.95815
10.7227
10.7588
10.089
9.2944
7.58298
6.70915
5.3895
5.60824
5.68703
7.77785
6.13522
6.29193
7.62381
7.39925
9.28746
7.67585
7.28994
8.51634
7.18458
7.81595
8.9427
8.65489
10.4018
10.5232
8.18214
8.73099
9.17255
10.2949
7.72101
8.98086
8.32475
9.60766
9.96523
7.92023
10.2352
9.46219
9.63864
11.1692
10.9056
10.562
9.3481
10.2975
9.92229
11.4402
6.51511
6.59833
6.47427
8.18329
6.44982
6.3839
7.47617
5.48498
7.8366
7.52925
7.28418
7.41883
6.37496
7.75657
8.86159
7.38332
9.05401
7.74454
7.25896
6.55213
6.40284
7.23408
4.49629
6.54141
7.28779
7.83342
6.82944
8.31642
8.23347
8.75586
5.57087
7.226
6.73649
8.06529
6.82634
2.90736
8.78976
7.39853
7.4103
7.87294
2.5304
3.602
4.32347
0.990987
4.06887
2.80333
1.631
3.79609
3.05542
4.12775
7.22275
5.96187
5.80277
7.3986
7.03794
6.93228
6.35925
7.34255
5.67159
6.1118
6.93956
6.16694
6.88247
6.6643
5.81568
6.93224
6.62576
5.2493
6.5821
6.1827
13.7614
14.1067
12.3776
15.0747
12.1245
13.6078
14.2734
12.3339
11.4602
14.5255
4.55786
5.37848
5.89626
5.44104
5.05692
1.32327
3.58826
2.47527
4.33168
1.35742
5.6465
8.79101
3.06766
7.20481
8.05476
7.40944
5.89001
8.01063
8.90023
9.56753
9.48061
8.86505
9.02319
8.04723
9.23359
9.3054
8.76262
9.85941
2.75056
0.96927
3.21885
3.68589
2.9767
2.79403
2.82088
2.87499
3.33254
3.95657
7.68641
8.13906
3.18589
3.18195
5.31927
5.03182
4.83054
4.03336
5.65726
5.65381
5.74648
5.24041
7.35376
7.44988
8.00797
7.56303
8.75964
6.87049
7.14125
6.91696
6.93985
8.39641
8.30763
7.97689
8.18305
7.85092
6.06462
6.90268
7.26186
7.92011
8.45081
5.26073
7.09654
8.27978
6.30456
6.70783
5.99692
7.97452
8.89726
7.31947
7.86663
7.37463
4.81024
5.48711
8.3076
2.25708
4.96102
3.86494
5.74918
4.43143
3.82273
5.23797
9.44523
9.88633
10.2007
9.96757
9.34541
9.34739
6.11923
8.08426
9.14746
8.63923
11.775
11.3266
10.5152
11.5962
10.417
10.9099
12.5325
13.4598
11.0286
12.1663
5.93168
7.08917
9.52108
10.2966
8.23992
8.29415
9.18619
9.68547
5.55837
6.71134
6.83398
6.94725
6.88741
5.66624
6.85533
6.73331
4.67364
5.54669
5.82197
6.2982
8.01245
5.9239
4.69528
4.50414
5.19297
6.21509
7.0093
6.84999
6.34708
5.22152
11.9981
14.0577
10.9243
12.0656
12.3368
11.5873
12.1326
13.6821
13.6051
12.1257
4.3514
5.21916
5.25482
3.72948
4.22372
3.75394
2.53249
6.00517
4.50226
5.04483
4.59604
4.72876
3.61172
5.14697
7.12165
7.61878
5.94245
6.72312
6.94738
6.02833
6.83161
5.63181
4.23871
2.89125
8.67794
9.17861
4.90804
4.82368
2.34838
3.50147
6.8916
6.21455
5.87607
6.76702
7.77782
8.84416
7.4621
4.55974
6.55374
5.89475
7.228
5.88082
4.49246
6.53029
6.61845
6.30762
5.03797
6.57949
8.41294
7.94275
13.8713
12.3885
12.2765
14.0013
10.2207
13.7724
13.5215
12.4921
13.0113
13.5641
5.88416
7.51487
7.63635
7.35674
8.48515
6.78439
8.33963
7.09294
7.77449
6.61199
7.68031
8.95025
9.36003
9.07109
10.5127
8.48356
7.35271
10.093
6.79773
6.75674
-7.23135
-11.0049
-9.25046
-10.1459
-9.73182
-10.7735
-6.64985
-6.97872
-8.5443
-8.813
-6.79123
-5.29078
-5.63766
-9.13896
-9.61609
-4.73362
-7.28169
-7.31366
-7.85443
-9.04766
-5.13012
-4.54397
-4.95082
-5.82435
-5.39964
-4.44721
-6.74044
-7.44085
-5.66912
-8.15088
-2.03673
-2.95551
-4.71402
-4.96953
-5.0301
-8.62468
-9.02928
-9.82367
-8.59669
-4.91768
-6.98085
-6.66229
-2.7711
-4.52384
-5.94619
-5.55596
-2.33172
-7.28518
-5.54637
-4.21752
-4.52374
-5.71209
-3.00666
-5.12245
-6.27372
-4.60567
-5.73702
-5.26803
-6.0781
-3.33433
-5.6708
-5.45177
-2.66497
-0.760694
-2.97897
-4.10884
-2.64807
-5.47067
-6.76596
-3.4478
-4.73189
-4.35526
-6.23784
-11.0834
-9.18745
-8.20972
-11.1245
-7.07611
-7.046
-10.0359
-10.2015
-8.06617
-7.90616
-7.25515
-6.51565
-6.60133
-6.06445
-4.52002
-6.68636
-8.30825
-9.0089
-8.51011
-6.8152
-8.24459
-6.57162
-4.47929
-5.24223
-4.35612
-3.61202
-5.73032
-5.03798
-5.48179
-5.8235
-5.49321
-6.01124
-5.97708
-5.65438
-8.52945
-11.3847
-10.25
-10.303
-11.3599
-11.1616
-9.39869
-10.8841
-10.8365
-8.36977
-5.45589
-5.63464
-10.2496
-9.83674
-7.85697
-4.32025
-8.27566
-7.56572
-7.70231
-9.01335
-7.1655
-7.63941
-4.21728
-4.01491
-6.7623
-5.30905
-5.4135
-2.74825
-7.94368
-5.6609
-5.56753
-2.81974
-6.33872
-11.3278
-6.81333
-9.67097
-7.79398
-4.10335
-9.47363
-7.92636
-8.63297
-12.0947
-7.5691
-7.21742
-6.55208
-7.73147
-8.42435
-6.94946
-7.77611
-0.831358
-4.94828
-4.12309
-4.39027
-7.47388
-4.72106
-6.93998
-7.18495
-5.499
-4.52603
-4.63808
-6.5317
-7.66077
-8.60127
-9.87136
-12.2029
-9.15439
-8.10595
-8.34128
-8.29549
-7.63725
-10.1752
-7.08692
-6.3468
-6.16903
-7.15787
-9.38451
-7.94265
-7.40358
-7.29866
-7.93491
-7.30287
-7.37259
-8.62996
-7.23663
-8.44969
-9.21921
-10.5057
-9.30227
-11.1134
-10.8656
-8.28048
-7.06453
-6.39688
-7.21976
-5.56235
-6.54058
-6.13059
-5.99422
-5.56925
-4.23179
-2.62726
-4.05003
-6.66936
-6.75825
-7.34157
-3.79891
-6.30583
-4.29333
-6.70136
-4.85448
-8.0587
-6.17555
-4.37525
-4.2745
-4.96228
-5.09761
-4.57927
-6.48535
-4.67963
-4.73781
-5.94956
-7.72067
-9.45507
-8.32278
-9.26521
-9.92685
-8.16697
-8.9824
-9.16441
-7.56794
-7.58978
-9.33114
-9.27374
-9.27083
-11.4312
-11.1592
-6.41582
-8.2744
-8.33985
-10.317
-8.5241
-9.20485
-7.51761
-10.4349
-9.7109
-10.2127
-10.411
-11.4266
-9.96364
-10.5445
-10.1056
-7.94008
-8.69208
-9.10992
-8.99992
-9.49679
-6.42359
-7.06442
-9.44358
-8.57157
-8.14956
-8.12812
-7.49904
-8.20928
-6.64232
-7.39618
-8.16707
-7.74013
-7.40724
-7.54328
-8.64685
-7.97754
-6.5893
-8.49516
-6.85298
-8.78289
-7.97764
-7.79853
-8.24691
-9.46636
-9.03283
-7.97464
-4.37692
-4.53624
-9.04079
-7.97046
-8.21587
-7.87651
-5.24483
-7.74499
-7.05456
-3.26643
-7.74386
-7.49942
-5.2196
-6.16408
-6.09194
-6.9332
-5.54249
-9.58079
-9.00716
-5.70259
-7.37729
-5.07241
-8.17667
-5.72354
-7.45898
-10.7224
-4.41647
-9.50648
-9.50231
-7.31957
-8.37569
-8.32364
-8.82875
-9.57026
-7.32665
-8.21436
-8.75031
-10.129
-7.80714
-6.14041
-6.50982
-7.24823
-6.89849
-7.85648
-6.74831
-5.91994
-7.48871
-6.5426
-7.57698
-7.52785
-6.58805
-7.06013
-8.73104
-7.77527
-7.95406
-8.13876
-10.0377
-9.27747
-9.98711
-7.9599
-7.49753
-4.73061
-7.50155
-5.76531
-1.41437
-3.94674
-6.51329
-5.0566
-5.39277
-7.56444
-8.27349
-6.75973
-8.12826
-8.57413
-8.46284
-8.86664
-10.3792
-10.0244
-8.88193
-5.92058
-5.33984
-6.86883
-6.23063
-2.4134
-5.1338
-4.28204
-4.26141
-3.92404
-7.12761
-9.49088
-9.57978
-10.6759
-10.3835
-10.4316
-10.0191
-10.602
-11.1744
-11.326
-8.90794
-5.83041
-9.06431
-4.86291
-4.19179
-7.85272
-6.10833
-7.25035
-6.18461
-3.6442
-2.84236
-9.43961
-7.87022
-8.86191
-7.95152
-8.06228
-8.83759
-8.99277
-9.45913
-7.13793
-10.0163
-7.33669
-7.03247
-9.56846
-9.28091
-9.62779
-4.87659
-7.04088
-5.19989
-6.98626
-8.51391
-6.21122
-0.206648
-3.99043
-3.0334
-3.48163
-3.15949
-3.25237
-1.14319
-5.608
-5.56851
-5.69549
-3.004
-5.7754
-7.10447
-5.16116
-4.96768
-5.46536
-1.63838
-8.02882
-5.60192
-7.46534
-7.98545
-6.46213
-4.55045
-7.27038
-7.03647
-6.08762
-7.39041
-6.25084
-5.97193
-9.12541
-8.67451
-9.83527
-11.2806
-9.83612
-9.64671
-10.1128
-10.0501
-10.366
-8.61596
-8.71651
-8.42851
-7.63968
-5.70342
-7.47764
-7.91773
-6.56451
-9.11922
-8.98088
-7.80727
-5.93902
-6.16675
-7.08415
-6.29921
-6.06558
-6.54551
-6.956
-6.31488
-7.86995
-6.20828
-6.46606
-5.73782
-6.92427
-5.60908
-5.49343
-5.51032
-4.35282
-5.91422
-5.35355
-6.82183
-5.42084
-2.61743
-4.97839
-5.61044
-6.19797
-2.87513
-5.40546
-6.06383
-4.20888
-7.89189
-8.76859
-6.79025
-6.12901
-7.32364
-7.74887
-8.47003
-7.32644
-7.70537
-9.68162
-8.54563
-8.60625
-7.16458
-8.05522
-8.73605
-6.35238
-7.98427
-7.62877
-7.68447
-9.02861
-7.8285
-9.19012
-10.6527
-7.95246
-8.61437
-10.9884
-9.59927
-9.3242
-7.44739
-6.0935
-6.85447
-4.47702
-3.21815
-5.85382
-6.09929
-6.12046
-4.70022
-4.04845
-5.27628
-6.59057
-7.61303
-5.13981
-7.23088
-6.48065
-4.63245
-5.32376
-4.77159
-8.81884
-5.93094
-8.13714
-9.23742
-8.86993
-8.40608
-8.53587
-6.3873
-8.02385
-7.31986
-6.95467
-7.89449
-6.20938
-6.51097
-7.42017
-4.12392
-4.85648
-6.86677
-2.65026
-7.82538
-5.983
-6.18705
-6.04118
-4.15699
-6.44717
-3.18958
-5.18227
-6.48555
-1.70281
-9.2986
-5.13066
-4.387
-5.68478
-7.06275
-5.27488
-5.2707
-7.92351
-7.44607
-7.46921
-7.51009
-6.68251
-6.56015
-4.82258
-6.95147
-7.07344
-4.10422
-7.31022
-4.93486
-4.43203
-6.65435
-5.65274
-9.81216
-8.81506
-7.1734
-7.97655
-8.0734
-6.67146
-7.54418
-5.43258
-7.66088
-6.30491
-8.12867
-9.8566
-12.346
-11.058
-11.0778
-11.7491
-7.7284
-8.49604
-8.57674
-7.75527
-9.84783
-8.59718
-7.50447
-10.8204
-11.2287
-10.3702
-7.02892
-8.56962
-10.6033
-8.01011
-11.0504
-9.59258
-8.83905
-8.5286
-9.0484
-9.85639
-8.11859
-8.78481
-8.13981
-7.52529
-7.9701
-4.62828
-6.43136
-6.78874
-6.38286
-6.57025
-6.8075
-7.99144
-5.59367
-5.7155
-8.38914
-5.92543
-7.60827
-5.32429
-11.7025
-11.1332
-11.5173
-12.1355
-3.835
-8.82214
-3.65646
-4.97478
-4.08917
-4.59327
-6.15157
-3.74225
-5.8207
-4.50509
-3.38885
-0.551639
-2.21905
-6.28653
-7.1273
-6.68165
-2.13851
-6.61735
-6.75232
-2.526
-7.85749
-7.37625
-7.69294
-5.90019
-5.24988
-8.35182
-4.53629
-5.37053
-5.82387
-7.35157
-6.88226
-5.15173
-6.71959
0.990432
-1.69172
-4.12804
-5.42862
-5.07561
-3.84642
-3.55455
-0.201072
-4.59931
-3.15571
-6.52036
-10.1304
-9.2815
-7.85404
-9.80687
-7.23798
-8.87901
-10.3748
-9.37748
-8.4208
-5.20668
-6.60392
-7.15892
-5.81041
-7.23248
-6.91892
-4.55825
-5.18875
-4.21623
-5.38434
-9.01187
-9.01546
-9.31915
-8.43424
-7.76786
-7.71235
-6.6658
-8.90958
-8.41767
-7.30955
-7.5558
-7.66488
-8.08862
-9.01039
-6.48756
-8.7025
-8.64919
-8.54758
-8.26368
-8.05562
-7.1511
-8.34349
-8.10004
-8.31323
-8.24555
-8.62696
-9.48002
-8.12218
-8.56406
-5.5323
-6.0534
-6.75834
-7.3819
-7.2902
-7.71806
-7.62971
-6.21459
-7.15622
-6.30832
-5.57806
-7.94742
-9.11647
-8.73613
-5.70303
-7.08606
-5.38076
-7.39902
-5.66817
-7.32156
-6.31105
-9.74263
-9.30133
-7.5967
-8.6704
-6.31767
-8.04029
-8.36901
-8.47931
-9.43273
-8.2455
-0.895577
-7.70766
-7.4186
-7.61553
0.613791
-3.83792
-2.21295
-7.022
-2.48964
-7.10421
-3.39389
-9.65208
-4.9128
-8.59011
-6.89024
-3.17821
-4.82672
-6.08473
-5.62114
-6.43591
-6.72662
-7.76985
-6.88277
-8.06942
-6.36171
-6.87116
-6.50878
-8.41328
-9.09449
-7.91782
-4.47773
-6.17866
-5.68824
-5.33016
-7.48728
-6.51422
-7.16108
-6.25346
-6.31307
-6.99666
-5.48921
-6.6637
-6.39816
-7.87653
-8.72578
-9.16877
-8.51625
-8.56738
-7.16588
-8.08658
-10.3032
-5.85285
-7.32776
-7.19138
-10.9378
-9.11474
3.62157
-8.31591
-8.1174
-6.30738
-6.36891
-6.79826
-6.40114
-5.70921
-6.23883
-7.23395
-7.29066
-5.92194
-7.35296
-6.80383
-7.0557
-7.33353
-10.4244
-6.37515
-5.52092
-9.4723
-9.30798
-9.86305
-6.80332
-8.47853
-9.45991
-8.83302
-9.26443
-7.62867
-8.36981
-7.77472
-7.3787
-7.64131
-7.16672
-8.98439
-8.02474
-8.20962
-7.93411
-7.58554
-8.58722
-8.6416
-8.3215
-7.76139
-6.3291
-7.13101
-3.61342
-5.66179
-4.51274
-5.12871
-1.85858
-1.90758
-6.14266
-8.72255
-8.14739
-5.52454
-7.4935
-8.90002
-8.20333
-8.47558
-7.57698
-7.6714
-8.62065
-8.57717
-8.32834
-8.67773
-5.15787
-7.15167
-5.67321
-5.30488
-3.82534
-5.17685
-6.37212
-6.97578
-4.74194
-7.09632
-5.8412
-6.17199
-7.22275
-7.3334
-8.09963
-6.35861
-8.55566
-9.80658
-6.11295
-6.52023
-8.68685
-5.70071
-9.06369
-7.03583
-7.48136
-9.71778
-7.42341
-8.19341
-8.39302
-8.02559
-5.04789
-2.82532
-8.49338
-7.1186
-5.01493
-2.04105
-6.03412
-3.03465
-4.04547
-6.28441
-3.90216
-4.78546
-10.0569
-6.61734
-6.13547
-7.64619
-3.8143
-6.00897
-3.03017
-4.8288
-6.69578
-6.76412
-7.00691
-1.24884
-6.96186
-7.21264
-7.28727
-6.5766
-7.42689
-6.69254
-8.4752
-7.44781
-8.18766
-7.26468
-7.31591
-8.70888
-7.47918
-10.8292
-8.9973
-7.89717
-7.24372
-8.46261
-7.1719
-8.51078
-7.92133
-8.12112
-7.95736
-8.12312
-6.42467
-5.51459
-7.14172
-8.78189
-11.6494
-9.98479
-9.99475
-8.59017
-11.3841
-7.91885
-11.0913
-11.1628
-8.58662
-9.08697
-11.2299
-10.0947
-9.8186
-9.98362
-10.8415
-8.01418
-1.80721
-4.994
-4.52143
-8.87441
-5.49661
-7.1923
-7.30817
-7.20261
-5.30965
-3.71391
-3.32972
-8.16
-11.0242
-8.26737
-9.16082
-9.21763
-9.49377
-9.4301
-9.98242
-9.29418
-9.91695
-9.16302
-7.44867
-8.54373
-9.6782
-8.28361
-8.84661
-7.86094
-6.34759
-8.48734
-8.63374
-3.57373
-7.13409
-6.87388
-5.30263
-5.83753
-4.83691
-9.03333
-4.13222
-8.18478
-7.559
-8.61308
-8.50562
-7.49831
-8.30184
-8.77494
-8.42857
-7.17928
-7.93809
-8.03257
-6.21622
-10.1757
-9.58107
-8.9545
-9.77277
-7.44462
-9.69756
-10.3275
-8.92819
-10.0256
-9.50107
-7.26586
-5.56059
-9.95898
-9.39862
-9.66113
-9.95651
-5.79156
-10.5202
-7.34757
-11.0504
-12.4622
-8.40366
-8.03279
-8.90225
-9.32274
-9.03309
-9.51188
-8.51476
-10.8704
-10.5565
-9.29204
-9.55421
-9.38622
-8.9807
-7.56682
-8.426
-7.52015
-8.91463
-7.19511
-10.0431
-8.71111
-9.2891
-4.95553
-5.52624
-6.0996
-7.40106
-7.28666
-9.59599
-6.31487
-5.73923
-6.34414
-8.22281
-3.1266
-1.41477
-3.46879
-5.53938
-2.40963
-1.72836
-5.76343
-6.83225
-3.88933
-3.69471
-7.82765
-4.72569
-6.03387
-7.45584
-6.68218
-6.23389
-5.12316
-8.0856
-8.23064
-6.53391
-8.68253
-8.8116
-9.04472
-8.80655
-8.54581
-8.97549
-7.13606
-8.77395
-8.65397
-7.51882
-9.99061
-9.94558
-8.78114
-8.76704
-9.5692
-8.68379
-8.00178
-8.30778
-8.46815
-8.11022
-8.80505
-9.0336
-11.0596
-6.07335
-9.41263
-9.20924
-5.51337
-10.6042
-8.02289
-7.10191
-7.48861
-6.62032
-6.78858
-5.55588
-7.47071
-6.4186
-6.0805
-7.08404
-7.14251
-7.32883
-7.82312
-7.39174
-7.46473
-6.51444
-6.92111
-7.94353
-7.08712
-8.04862
-6.16425
-7.68856
-6.67812
-8.5625
-8.49644
-6.78653
-7.06498
-8.52873
-9.71212
-7.47649
-7.38949
-5.22812
-5.6454
-5.14192
-7.30927
-7.49226
-6.65353
-6.45729
-8.33274
-5.80475
-4.76862
-7.10532
-7.20658
-6.08173
-6.01453
-7.06121
-5.91262
-5.39365
-6.63933
-6.57316
-6.77073
-6.79076
-11.212
-8.77347
-8.27524
-8.48129
-8.91334
-8.126
-6.76846
-9.50619
-10.0492
-9.23316
-9.23451
-7.55469
-9.20324
-8.62312
-7.30554
-7.09335
-7.61007
-7.57699
-6.41794
-8.85625
-10.7257
-7.32715
-8.7081
-8.59899
-6.59553
-6.52276
-9.0752
-8.28995
-8.27963
-7.00385
-8.78349
-9.75832
-9.8763
-5.62881
-8.805
-10.6994
-7.19176
-9.12651
-9.18538
-7.44937
-9.79193
-9.58393
-8.41321
-8.86348
-8.01071
-8.28144
-9.80415
-8.88988
-10.193
-8.52186
-8.55743
-9.06551
-7.23217
-8.17351
-9.37547
-7.59534
-6.51412
-7.68006
-7.69026
-8.80326
-8.44791
-8.24803
-8.07993
-8.15426
-7.00599
-7.92323
-8.53452
-8.93027
-7.12699
-7.75564
-4.25138
-4.11283
-6.56521
-3.49342
-4.95094
-7.08001
-6.65508
-3.98289
-8.56388
-5.2257
-8.2622
-7.63523
-7.48804
-6.53112
-6.2496
-9.88228
-8.81753
-8.96672
-8.38755
-8.62299
-10.8655
-7.91519
-9.01885
-10.1413
-11.1054
-7.24372
-11.3943
-9.78319
-9.68646
-10.391
-5.60162
-5.04049
-5.1456
-6.73067
-5.72734
-5.63535
-5.57188
-3.95009
-8.34723
-10.063
-8.91867
-7.83691
-8.06595
-8.57119
-7.44175
-8.14951
-8.43679
-9.53615
-7.88704
-5.43971
-9.51552
-9.77729
-9.4875
-8.7217
-9.63818
-8.39333
-8.5433
-7.23286
-7.89078
-7.13231
-9.11854
-8.51693
-11.2038
-8.80367
-9.18811
-9.97056
-9.14542
-9.30581
-9.16986
-9.20582
-6.42404
-7.60391
-7.70195
-8.32499
-9.0402
-9.33892
-8.66331
-8.61486
-8.8715
-7.95461
-10.723
-7.88194
-9.60738
-9.20186
-10.1946
-9.41641
-6.63126
-8.92943
-7.84056
-7.88898
-8.20924
-7.38181
-9.03248
-11.4311
-8.9366
-9.03461
-10.9793
-9.27434
-10.675
-9.12042
-6.40141
-3.68929
-4.09278
-6.0187
-3.98103
-6.57946
-8.0608
-6.69774
-7.19797
-3.39814
-6.87154
-7.66055
-7.41189
-4.16381
-3.04257
-5.26781
-4.97948
-3.90991
-0.504458
-1.45705
-7.57051
-8.18186
-6.9379
-5.65435
-7.05714
-5.73646
-5.82799
-7.07644
-7.60236
-7.81552
-7.61819
-7.31687
-7.62875
-9.56069
-7.19665
-8.2133
-8.83151
-10.0914
-10.1839
-9.77186
-10.3498
-10.7531
-10.2535
-10.4071
-10.2325
-7.9273
-9.50079
-10.2366
-11.3202
-9.61931
-5.55333
-5.01241
-4.62399
-4.14858
-6.47427
-7.8447
-1.82432
-4.35495
-6.31778
-2.65718
-8.82445
-6.8619
-8.10253
-9.09067
-8.7558
-10.6824
-9.26049
-8.12323
-7.79627
-7.61313
-8.85112
-7.12825
-8.7557
-5.89865
-6.42348
-7.00158
-7.01369
-8.19045
-4.62948
-6.48746
-7.85569
-9.10424
-9.20468
-11.4134
-10.0487
-8.86603
-11.872
-12.692
-9.9784
-9.32909
-8.88929
-10.051
-10.0086
-11.6706
-9.0724
-6.46755
-8.26635
-10.016
-7.77115
-8.17639
-8.87989
-10.6568
-10.5258
-10.5774
-9.63758
-10.8274
-8.88445
-9.72072
-9.38699
-8.81985
-5.99423
-7.03374
-4.89973
13.2272
-5.7883
-7.56113
-2.78461
-6.80804
-7.92167
-3.22373
-8.08661
-9.30855
-10.1921
-9.98968
-6.84901
-9.30389
-7.92983
-7.93028
-7.93286
-8.53101
-9.20454
-5.6692
-6.99104
-6.93981
-8.13412
6.42581
-6.93329
-5.79977
-9.34571
-7.64594
