0.999507 0.000492638 7.61524
0.994035 0.00596519 5.11583
0.998928 0.00107206 6.8371
0.966377 0.0336233 3.35833
0.998351 0.00164854 6.40621
0.982145 0.0178547 4.00747
0.995181 0.00481911 5.33034
0.996319 0.0036808 5.60094
0.996484 0.00351602 5.6469
0.995957 0.00404263 5.50681
0.999833 0.000167075 8.6969
0.999696 0.000303966 8.09829
0.999407 0.000593422 7.42901
0.998777 0.00122264 6.70552
0.997687 0.00231293 6.06693
0.999657 0.000342802 7.97801
0.99857 0.00143036 6.5484
0.996377 0.00362321 5.61676
0.99932 0.00068012 7.29256
0.999792 0.000208248 8.47657
0.999537 0.000463403 7.67645
0.999535 0.000464924 7.67317
0.999943 5.70037e-05 9.77234
0.999424 0.000575961 7.45889
0.999973 2.71537e-05 10.514
0.9999 0.000100098 9.20926
0.999908 9.21018e-05 9.29252
0.999979 2.11492e-05 10.7639
0.99999 1.0142e-05 11.4988
0.999968 3.22499e-05 10.342
0.999871 0.000128798 8.95713
0.99998 1.96513e-05 10.8373
0.999945 5.52131e-05 9.80425
0.999999 9.33207e-07 13.8846
0.999997 2.62062e-06 12.8521
0.999973 2.7457e-05 10.5029
0.999979 2.07651e-05 10.7822
0.999967 3.27124e-05 10.3277
0.99999 9.58824e-06 11.555
0.999998 2.34739e-06 12.9622
0.999947 5.29034e-05 9.84699
0.999977 2.24883e-05 10.7025
0.999991 9.29248e-06 11.5863
0.999952 4.78996e-05 9.94636
0.999996 4.16526e-06 12.3887
0.999996 4.44361e-06 12.324
0.999994 5.72816e-06 12.0701
0.999997 2.80304e-06 12.7848
0.999991 8.75594e-06 11.6458
0.999991 9.28858e-06 11.5867
1.0 4.93228e-07 14.5223
0.999986 1.40141e-05 11.1754
0.999927 7.34649e-05 9.51863
0.999941 5.94551e-05 9.73023
0.999916 8.41768e-05 9.38251
0.99999 1.036e-05 11.4775
0.999734 0.000265832 8.23238
0.999933 6.70406e-05 9.61014
0.999886 0.000113888 9.08018
0.999916 8.38862e-05 9.38597
0.999909 9.08622e-05 9.30608
0.999898 0.000102371 9.1868
0.999997 2.85508e-06 12.7664
0.999997 3.27355e-06 12.6296
0.999999 7.19711e-07 14.1444
1.0 3.01934e-07 15.0131
0.999999 1.44909e-06 13.4446
0.999999 7.13541e-07 14.153
0.999992 7.62378e-06 11.7842
0.999981 1.91356e-05 10.8639
0.999992 8.47974e-06 11.6778
0.99999 1.00208e-05 11.5108
0.999417 0.000583336 7.44616
0.996768 0.00323163 5.73153
0.999576 0.000424095 7.76513
0.999605 0.00039555 7.83484
0.999198 0.000801745 7.12792
0.999552 0.000447521 7.71134
0.9961 0.00390008 5.54285
0.996653 0.00334687 5.69638
0.99916 0.000840389 7.0808
0.998645 0.00135511 6.60252
0.999515 0.000485343 7.63017
0.999875 0.000124622 8.9901
0.999974 2.54632e-05 10.5783
0.999852 0.000148391 8.81551
0.999914 8.57657e-05 9.36381
0.999895 0.000105372 9.1579
0.999648 0.000352084 7.95129
0.999859 0.000140863 8.86758
0.999357 0.000642987 7.34874
0.999821 0.000179361 8.62593
0.999947 5.26439e-05 9.85191
0.999178 0.000822094 7.10283
0.999796 0.000203595 8.49918
0.999835 0.000164885 8.7101
0.999971 2.86016e-05 10.462
0.999999 8.24384e-07 14.0086
0.999999 1.06299e-06 13.7544
0.999999 5.82939e-07 14.3552
0.999993 6.59781e-06 11.9288
1.0 2.45138e-07 15.2214
0.999999 8.4698e-07 13.9816
0.999999 6.1601e-07 14.3
0.999998 2.16541e-06 13.0429
0.999998 1.66998e-06 13.3027
0.999999 8.01896e-07 14.0363
0.999019 0.000980885 6.92607
0.989647 0.0103528 4.5601
0.91911 0.0808905 2.43031
0.997328 0.00267173 5.92235
0.964041 0.0359585 3.28877
0.989421 0.0105793 4.53822
0.993899 0.00610063 5.09324
0.985617 0.0143833 4.2272
0.992676 0.00732436 4.9092
0.997436 0.00256452 5.96342
0.999914 8.57162e-05 9.36438
0.999994 5.74248e-06 12.0676
0.998994 0.0010059 6.90086
0.998317 0.001683 6.38549
0.998201 0.00179864 6.31892
0.9998 0.000199868 8.51765
0.999384 0.000616385 7.39102
0.999685 0.000315289 8.0617
0.99971 0.000290193 8.14468
0.999546 0.000454156 7.69662
0.999856 0.000144362 8.84304
0.999299 0.000701081 7.26219
0.999981 1.87648e-05 10.8835
0.999985 1.54001e-05 11.0811
0.999998 2.15076e-06 13.0497
0.999992 8.44594e-06 11.6818
0.999998 1.73969e-06 13.2618
0.9998 0.000199937 8.51731
0.999996 4.12022e-06 12.3996
0.999997 3.08712e-06 12.6883
0.999985 1.55559e-05 11.0711
0.999996 3.7481e-06 12.4943
0.999969 3.12264e-05 10.3742
0.999466 0.000533518 7.53548
0.999821 0.000179322 8.62615
0.999897 0.000103426 9.17655
0.999896 0.000103829 9.17266
0.999949 5.05726e-05 9.89205
0.998403 0.00159724 6.43788
0.99941 0.000589676 7.43535
0.999949 5.07651e-05 9.88825
0.999252 0.000747888 7.19751
0.997802 0.00219826 6.11789
0.999371 0.000628852 7.37099
0.999776 0.000224461 8.40158
0.99982 0.00018043 8.61999
0.99977 0.000230057 8.37695
0.999756 0.000244433 8.31633
0.999759 0.000241048 8.33027
0.999995 4.86802e-06 12.2328
0.999992 7.47018e-06 11.8046
0.999996 3.51941e-06 12.5572
0.999955 4.51771e-05 10.0049
0.999872 0.000127674 8.9659
0.999999 6.93006e-07 14.1822
0.999996 3.82552e-06 12.4738
0.999604 0.000396174 7.83326
0.999999 6.11327e-07 14.3076
0.999997 2.63284e-06 12.8474
1.0 5.12337e-07 14.4843
0.999998 1.726e-06 13.2697
0.989379 0.0106206 4.53428
0.989414 0.0105861 4.53757
0.962576 0.0374238 3.24731
0.981071 0.0189285 3.94797
0.863346 0.136654 1.84336
0.996108 0.00389221 5.54488
0.996207 0.00379334 5.57071
0.985115 0.014885 4.19241
0.997807 0.00219254 6.1205
0.890578 0.109422 2.09666
0.999889 0.00011113 9.10469
0.999813 0.000187349 8.58235
0.999938 6.22988e-05 9.68351
0.999719 0.000280747 8.17778
0.999782 0.000217927 8.43113
0.999681 0.000318497 8.05158
0.999887 0.000112882 9.08905
0.99994 6.03713e-05 9.71494
0.999802 0.000198199 8.52604
0.999705 0.000295382 8.12695
0.999459 0.000540528 7.52242
0.997965 0.00203523 6.19511
0.999322 0.00067796 7.29574
0.999089 0.000911507 6.9995
0.998926 0.00107354 6.83572
0.992915 0.00708509 4.94265
0.999019 0.000980703 6.92626
0.998083 0.00191703 6.25506
0.996456 0.00354428 5.63887
0.999492 0.000508224 7.58408
0.999852 0.000147578 8.821
0.999488 0.000511744 7.57717
0.999952 4.76865e-05 9.95081
0.999816 0.000183759 8.6017
0.999944 5.59871e-05 9.79033
0.999892 0.000108176 9.13165
0.999934 6.57785e-05 9.62915
0.999917 8.26245e-05 9.40112
0.999762 0.000237585 8.34475
0.998369 0.00163113 6.41685
0.999993 6.96434e-06 11.8747
0.999979 2.08534e-05 10.778
0.999988 1.2216e-05 11.3128
0.999987 1.3237e-05 11.2325
0.999996 4.04079e-06 12.4191
0.999989 1.12334e-05 11.3966
0.999941 5.93208e-05 9.73249
0.999988 1.22905e-05 11.3067
0.99998 1.99231e-05 10.8236
0.999987 1.27971e-05 11.2663
0.99826 0.00173982 6.35223
0.999514 0.000486258 7.62828
0.999956 4.44107e-05 10.022
0.99997 2.95905e-05 10.428
0.999893 0.00010694 9.14313
0.999348 0.000651534 7.33553
0.999933 6.65535e-05 9.61744
0.99983 0.00016982 8.6806
0.999726 0.000273898 8.20248
0.999639 0.000360765 7.92692
0.998698 0.00130227 6.64235
0.998254 0.00174647 6.34841
0.997889 0.00211067 6.15864
0.99757 0.00242987 6.01749
0.98755 0.0124503 4.37348
0.997824 0.00217614 6.12802
0.998369 0.00163151 6.41662
0.999334 0.000665526 7.31427
0.998482 0.00151767 6.48906
0.999052 0.00094843 6.95975
0.999737 0.00026278 8.24393
0.998248 0.0017518 6.34536
0.992039 0.0079606 4.82526
0.998383 0.00161708 6.42551
0.99146 0.00853985 4.75444
0.998601 0.00139952 6.57023
0.99921 0.000790487 7.14207
0.99851 0.00148956 6.50778
0.996133 0.00386723 5.55134
0.994601 0.00539948 5.21604
0.965355 0.0346454 3.32733
0.979317 0.020683 3.85754
0.839102 0.160898 1.65156
0.820851 0.179149 1.52212
0.541121 0.458879 0.164857
0.800873 0.199127 1.39176
0.711771 0.288229 0.904001
0.751049 0.248951 1.10421
0.531294 0.468706 0.12534
0.76192 0.23808 1.16324
0.999287 0.000712756 7.24566
0.998922 0.00107802 6.83155
0.999526 0.000474417 7.65295
0.996609 0.00339103 5.68323
0.999592 0.000408313 7.80307
0.999683 0.000316476 8.05795
0.999589 0.000411157 7.79612
0.99978 0.000220239 8.42058
0.999057 0.000943213 6.96527
0.998486 0.00151435 6.49125
0.999483 0.000517507 7.56597
0.999712 0.000288171 8.15167
0.999856 0.00014389 8.84631
0.999636 0.000364212 7.91741
0.999027 0.000973207 6.93394
0.999822 0.000177799 8.63468
0.998465 0.0015348 6.47782
0.999681 0.000319445 8.0486
0.999757 0.000242515 8.3242
0.999195 0.000804842 7.12406
0.999843 0.000156823 8.76024
0.999275 0.00072544 7.22801
0.996906 0.00309389 5.77523
0.998623 0.00137717 6.58635
0.999113 0.000887303 7.02644
0.999171 0.000829539 7.09381
0.998887 0.00111301 6.79957
0.999198 0.000802482 7.127
0.995732 0.00426768 5.45241
0.995245 0.00475462 5.34387
0.998242 0.00175782 6.34192
0.997344 0.00265626 5.92817
0.999042 0.000957558 6.95017
0.999121 0.000879494 7.03528
0.999554 0.000445501 7.71587
0.999696 0.000304045 8.09803
0.999431 0.00056932 7.4705
0.999573 0.000427158 7.75793
0.999984 1.5727e-05 11.0601
0.999991 9.45241e-06 11.5692
0.999944 5.60045e-05 9.79002
0.999994 6.24618e-06 11.9835
0.999292 0.000708093 7.25223
0.999943 5.70269e-05 9.77193
0.999977 2.32921e-05 10.6674
0.999992 7.68405e-06 11.7764
0.999959 4.07788e-05 10.1073
0.99966 0.000340443 7.98492
0.999838 0.000161959 8.72801
0.999987 1.31944e-05 11.2357
0.999575 0.000425365 7.76214
0.998242 0.00175813 6.34174
0.999558 0.000442206 7.72329
0.999857 0.0001432 8.85113
0.99984 0.000159957 8.74044
0.990679 0.00932139 4.66608
0.996758 0.00324167 5.72842
0.999565 0.000434627 7.74059
0.9983 0.00169962 6.37565
0.999704 0.000295989 8.12489
0.999792 0.000208119 8.47719
0.999629 0.000370671 7.89982
0.999143 0.000856884 7.06135
0.999575 0.000425087 7.76279
0.999536 0.000463783 7.67563
0.996004 0.00399637 5.51836
0.999478 0.00052181 7.55769
0.999333 0.00066687 7.31225
0.997532 0.00246808 6.00184
0.998245 0.00175453 6.3438
0.99987 0.000129941 8.9483
0.999618 0.000382252 7.86905
0.999927 7.27793e-05 9.52801
0.999872 0.000127752 8.96529
0.999894 0.000106333 9.14882
0.999063 0.000937341 6.97153
0.999801 0.000199309 8.52045
0.999915 8.51485e-05 9.37103
0.999835 0.000164691 8.71127
0.999558 0.000442369 7.72292
0.997329 0.00267153 5.92243
0.997404 0.00259618 5.95111
0.99511 0.00488997 5.31567
0.987349 0.0126508 4.35731
0.993343 0.00665702 5.0054
0.982591 0.0174087 4.03322
0.997647 0.00235277 6.0498
0.996128 0.00387189 5.55013
0.989943 0.0100573 4.58935
0.988999 0.0110009 4.49872
0.999935 6.51876e-05 9.63818
0.999943 5.67526e-05 9.77675
0.999584 0.000416404 7.78344
0.999959 4.12255e-05 10.0964
0.999997 2.6397e-06 12.8448
0.999993 6.50013e-06 11.9437
0.999987 1.34636e-05 11.2155
0.99984 0.000159836 8.7412
0.999999 8.16257e-07 14.0185
0.999993 6.67544e-06 11.9171
0.998942 0.00105752 6.85077
0.998746 0.00125366 6.68043
0.997465 0.00253519 5.97495
0.998582 0.00141801 6.55708
0.999364 0.000636423 7.35901
0.994831 0.00516937 5.25982
0.998738 0.0012622 6.67364
0.99574 0.00425961 5.45431
0.985743 0.0142574 4.23612
0.999223 0.000776923 7.15939
0.99984 0.00015963 8.74249
0.998674 0.00132583 6.62439
0.99988 0.000119916 9.0286
0.999275 0.00072465 7.2291
0.999714 0.000285994 8.15926
0.999861 0.000138712 8.88297
0.999961 3.90534e-05 10.1505
0.999759 0.000241191 8.32968
0.999948 5.21842e-05 9.86068
0.999827 0.000172706 8.66375
0.817207 0.182793 1.49754
0.734078 0.265922 1.01541
0.70449 0.29551 0.86877
0.717274 0.282726 0.930982
0.675722 0.324278 0.734181
0.854925 0.145075 1.77377
0.519406 0.480594 0.0776619
0.794442 0.205558 1.35191
0.813493 0.186507 1.47287
0.853626 0.146374 1.76332
0.999979 2.07941e-05 10.7808
0.999949 5.1454e-05 9.87477
0.999997 2.86675e-06 12.7623
0.999999 1.30696e-06 13.5478
0.999987 1.31251e-05 11.241
0.999983 1.74083e-05 10.9585
0.999999 1.24071e-06 13.5998
0.999998 1.74531e-06 13.2586
0.99983 0.000169695 8.68134
0.999973 2.65315e-05 10.5372
0.998674 0.00132568 6.62451
0.999654 0.000346374 7.96764
0.999523 0.000477295 7.6469
0.998917 0.00108317 6.82678
0.998956 0.00104412 6.86353
0.997615 0.00238496 6.03619
0.998181 0.00181948 6.30738
0.999494 0.000506303 7.58787
0.997691 0.0023087 6.06876
0.998733 0.00126744 6.66949
0.994325 0.00567474 5.16604
0.995942 0.00405823 5.50294
0.997418 0.00258182 5.95668
0.991278 0.00872162 4.73319
0.997896 0.00210404 6.16179
0.99984 0.000159975 8.74033
0.999392 0.00060807 7.40461
0.999713 0.00028742 8.15428
0.999035 0.000964928 6.94249
0.99553 0.0044702 5.40584
0.998309 0.00169046 6.38107
0.999907 9.28936e-05 9.28396
0.999738 0.000261938 8.24714
0.999917 8.31985e-05 9.3942
0.99983 0.000169496 8.68251
0.999984 1.63083e-05 11.0238
0.999124 0.000876183 7.03906
0.999938 6.22411e-05 9.68443
0.999855 0.00014475 8.84036
0.999702 0.000298273 8.1172
0.999957 4.30686e-05 10.0527
0.999997 2.4444e-06 12.9217
0.999973 2.68239e-05 10.5262
0.999984 1.64767e-05 11.0135
0.999995 4.83977e-06 12.2386
0.999996 3.93698e-06 12.4451
0.999979 2.13466e-05 10.7546
0.999924 7.60862e-05 9.48357
0.99989 0.000109715 9.11752
0.999977 2.27496e-05 10.6909
0.999719 0.000281326 8.17572
0.999493 0.000507265 7.58597
0.998841 0.00115885 6.75917
0.99995 4.99658e-05 9.90412
0.997378 0.00262153 5.94137
0.999285 0.000714767 7.24284
0.998947 0.00105282 6.85523
0.999929 7.08481e-05 9.5549
0.99987 0.000129678 8.95033
0.999856 0.000144098 8.84487
0.995648 0.00435161 5.43285
0.995329 0.00467058 5.36179
0.983443 0.0165568 4.08426
0.991729 0.00827121 4.78667
0.998409 0.00159113 6.44172
0.992568 0.00743244 4.89444
0.986288 0.0137119 4.27568
0.99714 0.00286007 5.85404
0.999478 0.000522114 7.5571
0.999336 0.000663605 7.31716
0.944635 0.055365 2.83685
0.998208 0.00179222 6.32251
0.99983 0.000170487 8.67668
0.998239 0.00176081 6.34022
0.999826 0.000174107 8.65567
0.998235 0.00176501 6.33783
0.998959 0.00104106 6.86647
0.999054 0.000946439 6.96186
0.99762 0.00237967 6.03841
0.999461 0.000539214 7.52486
0.99964 0.000359684 7.92992
0.998096 0.00190445 6.26166
0.999778 0.000222003 8.4126
0.999261 0.000738547 7.21009
0.999345 0.000655062 7.33012
0.998094 0.00190562 6.26104
0.999414 0.0005858 7.44195
0.99967 0.000329801 8.01669
0.999737 0.000262632 8.24449
0.999938 6.21043e-05 9.68663
0.999462 0.000537843 7.52741
0.999954 4.55004e-05 9.99774
0.999666 0.000334009 8.00401
0.999489 0.000510996 7.57864
0.999762 0.000237859 8.3436
0.999731 0.000269065 8.22029
0.999408 0.000592118 7.43121
0.999774 0.000226298 8.39343
0.999853 0.000146615 8.82755
0.999762 0.000237539 8.34494
0.999403 0.000596565 7.42373
0.999739 0.000260824 8.2514
0.999839 0.000160953 8.73424
0.999922 7.84597e-05 9.45285
0.999894 0.000105872 9.15317
0.999847 0.000153217 8.7835
0.999817 0.000182878 8.60651
0.999772 0.000227848 8.3866
0.999916 8.43145e-05 9.38087
0.999347 0.000652858 7.3335
0.999532 0.00046851 7.66549
0.999887 0.000112887 9.08901
0.999178 0.000822235 7.10266
0.999282 0.000718402 7.23776
0.997323 0.00267668 5.9205
0.999499 0.000501315 7.59777
0.998801 0.00119888 6.72517
0.997885 0.002115 6.15658
0.998635 0.00136547 6.59489
0.989909 0.010091 4.58597
0.999261 0.000739119 7.20931
0.999919 8.10184e-05 9.42075
0.999941 5.92306e-05 9.73401
0.99954 0.000459967 7.6839
0.999959 4.10457e-05 10.1008
0.999872 0.000128307 8.96095
0.999847 0.000153003 8.7849
0.999761 0.000238783 8.33972
0.998949 0.00105069 6.85725
0.999425 0.000575458 7.45977
0.997679 0.00232142 6.06325
0.995055 0.00494459 5.30451
0.993507 0.00649263 5.03057
0.999659 0.000341079 7.98306
0.984602 0.0153982 4.15798
0.994702 0.00529853 5.23501
0.999018 0.000982191 6.92474
0.999548 0.000452442 7.7004
0.999818 0.000181743 8.61274
0.999452 0.000548326 7.50809
0.999951 4.90619e-05 9.92238
0.999897 0.000103369 9.1771
0.999894 0.000105734 9.15448
0.999941 5.90091e-05 9.73776
0.999885 0.000114934 9.07104
0.999971 2.89117e-05 10.4512
0.999741 0.000259259 8.25742
0.999913 8.72108e-05 9.34709
0.998734 0.00126612 6.67054
0.998795 0.00120528 6.71984
0.99945 0.000550065 7.50492
0.998187 0.00181301 6.31095
0.998404 0.00159617 6.43855
0.999292 0.000707814 7.25262
0.995944 0.00405625 5.50343
0.998648 0.00135238 6.60453
0.989559 0.0104414 4.55148
0.999391 0.000609294 7.4026
0.999485 0.00051533 7.57019
0.998503 0.00149682 6.50291
0.994705 0.00529509 5.23567
0.999531 0.000469494 7.66338
0.998412 0.00158826 6.44352
0.996849 0.0031507 5.75698
0.998582 0.00141823 6.55693
0.999332 0.00066803 7.31051
0.994263 0.00573692 5.15508
0.994162 0.00583777 5.13755
0.999772 0.000227874 8.38649
0.999478 0.00052166 7.55797
0.999498 0.000502478 7.59546
0.999058 0.000942333 6.96621
0.999655 0.000345393 7.97048
0.999723 0.000277439 8.18963
0.99956 0.000439949 7.72841
0.999871 0.000128524 8.95927
0.999834 0.000166232 8.70196
0.999849 0.000151184 8.79686
0.999977 2.30798e-05 10.6765
0.99981 0.000190504 8.56565
0.999995 5.14644e-06 12.1772
0.999965 3.4814e-05 10.2655
0.999975 2.4719e-05 10.6079
0.999936 6.38423e-05 9.65903
0.999988 1.20923e-05 11.3229
0.999977 2.33253e-05 10.6659
0.99997 2.95843e-05 10.4282
0.999993 6.83007e-06 11.8942
0.999056 0.00094366 6.9648
0.99903 0.000970548 6.93668
0.9991 0.000900034 7.01218
0.999624 0.000376418 7.88443
0.989645 0.0103548 4.5599
0.996282 0.00371843 5.59073
0.998753 0.00124716 6.68564
0.99555 0.00444985 5.41042
0.999839 0.000161198 8.73271
0.998738 0.00126164 6.67408
0.999986 1.36255e-05 11.2036
0.999856 0.000144088 8.84494
0.999978 2.23123e-05 10.7104
0.999908 9.15263e-05 9.29879
0.999991 8.55132e-06 11.6694
0.999937 6.32884e-05 9.66775
0.999835 0.000165191 8.70824
0.999968 3.22734e-05 10.3412
0.999967 3.25623e-05 10.3323
0.99996 3.98089e-05 10.1314
0.950877 0.0491231 2.96306
0.991363 0.0086371 4.74301
0.993206 0.00679452 4.98482
0.989415 0.0105852 4.53766
0.997639 0.00236101 6.0463
0.995009 0.0049906 5.2952
0.998324 0.00167579 6.38979
0.994662 0.00533846 5.22747
0.997006 0.00299453 5.80797
0.99723 0.00277045 5.88597
0.608307 0.391693 0.440202
0.0555134 0.944487 -2.83402
0.948864 0.0511365 2.92077
0.872736 0.127264 1.92537
0.734065 0.265935 1.01534
0.979472 0.0205277 3.86524
0.790303 0.209697 1.32675
0.946053 0.0539472 2.86429
0.763124 0.236876 1.16989
0.78492 0.21508 1.29457
0.997801 0.00219865 6.11771
0.98179 0.0182099 3.98741
0.969368 0.030632 3.4546
0.818707 0.181293 1.50761
0.996762 0.00323832 5.72946
0.997933 0.00206701 6.17958
0.997295 0.00270459 5.9101
0.98688 0.0131205 4.32037
0.985719 0.0142814 4.23442
0.964145 0.0358547 3.29177
0.970014 0.0299862 3.47657
0.845739 0.154261 1.70156
0.981415 0.0185846 3.96666
0.979277 0.0207226 3.85559
0.979824 0.0201762 3.88287
0.895508 0.104492 2.14828
0.995854 0.00414585 5.48149
0.995107 0.00489331 5.31498
0.995312 0.0046879 5.35807
0.997844 0.0021565 6.13711
0.999979 2.07623e-05 10.7824
0.999719 0.00028073 8.17784
0.996982 0.00301784 5.80019
0.999546 0.000454079 7.69679
0.999593 0.000407241 7.8057
0.997258 0.00274173 5.89642
0.999734 0.00026608 8.23145
0.999927 7.34229e-05 9.5192
0.999099 0.00090083 7.01129
0.999353 0.000647062 7.34242
0.999561 0.000438591 7.7315
0.999945 5.49366e-05 9.80928
0.999913 8.74905e-05 9.34389
0.996755 0.00324487 5.72743
0.998726 0.00127397 6.66434
0.999876 0.000123564 8.99863
0.99955 0.000449985 7.70585
0.999927 7.31375e-05 9.5231
0.99991 8.94795e-05 9.32141
0.999961 3.86031e-05 10.1621
0.999996 3.53968e-06 12.5515
0.999997 3.41709e-06 12.5867
0.999981 1.86179e-05 10.8914
0.999924 7.60249e-05 9.48437
0.99904 0.000960216 6.94739
0.999961 3.89421e-05 10.1534
0.999465 0.000534697 7.53328
0.999942 5.77344e-05 9.7596
0.999997 2.99287e-06 12.7193
0.999927 7.26953e-05 9.52916
0.999869 0.000131514 8.93626
0.999767 0.000232813 8.36504
0.999808 0.000191488 8.56049
0.999934 6.64087e-05 9.61962
0.999887 0.000113094 9.08718
0.99936 0.000640356 7.35285
0.999841 0.000158824 8.74755
0.99954 0.000459926 7.68399
0.999741 0.000258546 8.26018
0.999936 6.37494e-05 9.66049
0.99969 0.000309661 8.07972
0.999323 0.000677168 7.29691
0.997389 0.00261148 5.94522
0.998559 0.0014406 6.54125
0.999967 3.2508e-05 10.334
0.998917 0.00108288 6.82705
0.998219 0.00178086 6.32888
0.999447 0.000552767 7.50002
0.998694 0.00130578 6.63965
0.999761 0.000239305 8.33753
0.999997 3.41841e-06 12.5863
0.999933 6.67536e-05 9.61444
0.999908 9.20607e-05 9.29297
0.99997 2.9588e-05 10.4281
0.999978 2.21781e-05 10.7164
0.999989 1.10918e-05 11.4093
0.999976 2.37072e-05 10.6497
0.999989 1.12553e-05 11.3947
0.999937 6.28709e-05 9.67437
0.999961 3.84441e-05 10.1663
0.997016 0.00298376 5.81158
0.975963 0.0240366 3.70385
0.973799 0.0262006 3.61542
0.974888 0.0251123 3.65896
0.843724 0.156277 1.6862
0.960255 0.0397448 3.18472
0.981257 0.0187432 3.958
0.953064 0.0469362 3.01089
0.911518 0.0884825 2.33231
0.965252 0.0347476 3.32428
0.999981 1.86868e-05 10.8877
0.999984 1.61838e-05 11.0315
0.999997 3.17423e-06 12.6604
0.999989 1.06455e-05 11.4504
0.999968 3.19873e-05 10.3501
0.999989 1.13804e-05 11.3836
0.999908 9.24012e-05 9.28928
0.99999 1.0151e-05 11.4979
0.999856 0.000143497 8.84905
0.999992 8.38826e-06 11.6887
0.999851 0.000148919 8.81196
0.999753 0.000247271 8.30478
0.998827 0.00117274 6.74724
0.999846 0.000154449 8.77549
0.999879 0.000121306 9.01707
0.999645 0.000355219 7.94242
0.999855 0.000144653 8.84103
0.99989 0.000110414 9.11116
0.999615 0.00038519 7.86139
0.999763 0.000237466 8.34525
0.999494 0.000506132 7.58821
0.999855 0.000144711 8.84063
0.999603 0.000396831 7.8316
0.999533 0.000467169 7.66835
0.999945 5.50478e-05 9.80725
0.999614 0.000386454 7.85811
0.999405 0.000595389 7.4257
0.999632 0.000367893 7.90735
0.999598 0.000402142 7.8183
0.99985 0.000150053 8.80437
0.99975 0.000250063 8.29355
0.998666 0.00133393 6.61829
0.998867 0.00113306 6.7817
0.998718 0.00128226 6.65785
0.999369 0.000631448 7.36686
0.998888 0.00111171 6.80074
0.999653 0.000347462 7.96451
0.99877 0.00122983 6.69965
0.999306 0.000693902 7.27249
0.999701 0.000298836 8.11532
0.999691 0.000308689 8.08287
0.998613 0.00138744 6.57891
0.996071 0.00392894 5.53545
0.997778 0.00222246 6.10691
0.999238 0.000761557 7.17938
0.99978 0.000219675 8.42314
0.995145 0.00485535 5.32281
0.999159 0.000841403 7.0796
0.999415 0.000584674 7.44387
0.999768 0.000232418 8.36674
0.999081 0.000918571 6.99177
0.999567 0.000433208 7.74386
0.999035 0.000965275 6.94213
0.999898 0.000101498 9.19537
0.999841 0.000158784 8.7478
0.999901 9.93678e-05 9.21658
0.999846 0.000153889 8.77912
0.999698 0.000301575 8.10619
0.99988 0.000119705 9.03036
0.999978 2.20337e-05 10.7229
0.999589 0.000410725 7.79718
0.998896 0.00110355 6.80812
0.998833 0.00116662 6.75248
0.999262 0.000737696 7.21124
0.998689 0.00131074 6.63585
0.999796 0.000203677 8.49877
0.999273 0.000726819 7.22611
0.999188 0.000811465 7.11586
0.99809 0.00191022 6.25863
0.99877 0.00122959 6.69984
0.999904 9.63368e-05 9.24756
0.999953 4.74934e-05 9.95487
0.999794 0.000205777 8.48851
0.99991 9.02573e-05 9.31276
0.999983 1.67983e-05 10.9942
0.999971 2.89324e-05 10.4505
0.999949 5.09379e-05 9.88485
0.999948 5.20961e-05 9.86237
0.999964 3.57119e-05 10.24
0.999827 0.00017299 8.6621
0.999594 0.000405902 7.80899
0.999148 0.000852342 7.06667
0.999954 4.63065e-05 9.98018
0.99836 0.0016404 6.41117
0.9999 9.96619e-05 9.21363
0.999939 6.11313e-05 9.70243
0.999367 0.000633284 7.36396
0.999857 0.000142545 8.85571
0.999924 7.56346e-05 9.48952
0.999528 0.0004719 7.65827
0.990528 0.00947173 4.64993
0.98004 0.0199602 3.89386
0.964033 0.0359666 3.28854
0.988223 0.0117768 4.42978
0.960397 0.0396028 3.18845
0.979278 0.0207223 3.85561
0.975354 0.0246463 3.67817
0.975701 0.0242991 3.69272
0.980775 0.0192253 3.93212
0.990378 0.00962149 4.63409
0.999978 2.20561e-05 10.7219
0.999974 2.54953e-05 10.577
0.999971 2.88612e-05 10.453
0.999973 2.72865e-05 10.5091
0.999899 0.000101092 9.19938
0.999963 3.72166e-05 10.1987
0.999965 3.48673e-05 10.2639
0.999968 3.19233e-05 10.3521
0.99991 8.95079e-05 9.32109
0.999904 9.55957e-05 9.25529
0.999866 0.000134488 8.9139
0.999896 0.000104388 9.16729
0.999965 3.47054e-05 10.2686
0.999619 0.000381107 7.87205
0.999693 0.000307177 8.08778
0.999886 0.000114133 9.07803
0.999488 0.000512296 7.57609
0.999886 0.000114044 9.07881
0.999717 0.000282618 8.17113
0.99977 0.000230105 8.37674
0.997603 0.00239656 6.03132
0.999811 0.000189135 8.57286
0.99916 0.000840436 7.08075
0.998883 0.00111699 6.796
0.998749 0.00125135 6.68228
0.999511 0.000488834 7.623
0.99894 0.00105979 6.84862
0.998658 0.00134154 6.6126
0.998993 0.00100689 6.89988
0.999644 0.000356148 7.93981
0.999982 1.79318e-05 10.9289
0.999946 5.35974e-05 9.83396
0.999912 8.76707e-05 9.34184
0.999985 1.54818e-05 11.0758
0.99999 9.95047e-06 11.5179
0.99959 0.00040976 7.79953
0.999988 1.17459e-05 11.352
0.999958 4.16868e-05 10.0853
0.999893 0.000107228 9.14045
0.999992 7.84072e-06 11.7562
0.999672 0.000327543 8.02356
0.999846 0.000154489 8.77523
0.999767 0.000233214 8.36332
0.99998 2.02754e-05 10.8061
0.998149 0.0018514 6.28996
0.993082 0.00691795 4.96669
0.99518 0.00481954 5.33025
0.996708 0.00329196 5.71297
0.999757 0.000243039 8.32205
0.998081 0.00191879 6.25414
0.996337 0.0036633 5.60572
0.997165 0.0028351 5.86284
0.983985 0.0160147 4.1181
0.999359 0.000641021 7.35181
0.998946 0.00105415 6.85396
0.998729 0.00127077 6.66686
0.998464 0.00153641 6.47677
0.997985 0.00201463 6.20531
0.998809 0.00119059 6.73211
0.99962 0.000380303 7.87416
0.999247 0.000753291 7.19031
0.999947 5.25092e-05 9.85447
0.999748 0.000252208 8.28501
0.99991 8.94763e-05 9.32145
0.999806 0.000194178 8.54654
0.99978 0.000220305 8.42028
0.999732 0.000268112 8.22384
0.999945 5.5135e-05 9.80567
0.999711 0.000289158 8.14825
0.999769 0.00023074 8.37399
0.999968 3.17045e-05 10.359
0.999954 4.55508e-05 9.99664
0.999984 1.62021e-05 11.0304
0.999783 0.00021651 8.43766
0.999981 1.90484e-05 10.8685
0.99998 1.98868e-05 10.8254
0.998591 0.00140853 6.5638
0.999639 0.000360592 7.9274
0.999502 0.000497833 7.60475
0.999871 0.00012851 8.95937
0.999883 0.000117114 9.05225
0.997982 0.00201802 6.20362
0.999698 0.0003023 8.10379
0.999539 0.00046059 7.68254
0.999463 0.00053677 7.5294
0.998771 0.00122924 6.70013
0.997548 0.0024524 6.00823
0.99936 0.00063973 7.35382
0.998499 0.00150137 6.49987
0.999874 0.000126107 8.97826
0.999834 0.000165761 8.7048
0.999401 0.000599151 7.4194
0.999752 0.000247989 8.30188
0.99988 0.000120093 9.02713
0.99969 0.000310306 8.07764
0.999828 0.000171893 8.66847
0.999305 0.000695134 7.27071
0.999489 0.000511045 7.57854
0.998899 0.00110124 6.81022
0.999807 0.000193398 8.55057
0.999985 1.55327e-05 11.0725
0.99996 3.96175e-05 10.1362
0.999984 1.62351e-05 11.0283
0.99997 3.01481e-05 10.4094
0.999989 1.10473e-05 11.4133
0.999966 3.41359e-05 10.2851
0.999985 1.55341e-05 11.0725
0.999954 4.61705e-05 9.98312
0.999998 2.04529e-06 13.1
0.999995 4.89744e-06 12.2268
0.917375 0.0826247 2.40721
0.969337 0.0306633 3.45355
0.944045 0.0559546 2.82563
0.95996 0.04004 3.17701
0.908521 0.0914795 2.2957
0.958035 0.0419651 3.12805
0.983114 0.0168862 4.06423
0.989502 0.0104976 4.54606
0.992731 0.00726865 4.91689
0.99471 0.00528976 5.23668
0.999998 2.28859e-06 12.9876
0.999994 6.26506e-06 11.9805
0.999964 3.61521e-05 10.2277
0.999997 2.64289e-06 12.8436
0.999993 6.66483e-06 11.9187
0.99994 5.96822e-05 9.72642
0.999991 9.22374e-06 11.5937
0.999984 1.64737e-05 11.0137
0.999998 1.91715e-06 13.1647
0.999997 3.21642e-06 12.6472
0.999972 2.81456e-05 10.4781
0.999936 6.41397e-05 9.65438
0.999801 0.000199171 8.52115
0.999619 0.000381167 7.87189
0.999783 0.000216697 8.43679
0.999736 0.000264177 8.23863
0.99995 4.9549e-05 9.9125
0.999953 4.70702e-05 9.96382
0.999671 0.000328673 8.02012
0.999902 9.78958e-05 9.23151
0.999919 8.07638e-05 9.4239
0.999913 8.7165e-05 9.34762
0.999943 5.64553e-05 9.78201
0.999759 0.000240557 8.33231
0.999776 0.000224059 8.40338
0.999838 0.00016232 8.72578
0.999524 0.000475627 7.6504
0.999896 0.000103847 9.17249
0.999861 0.000138901 8.88161
0.999953 4.69839e-05 9.96566
0.999629 0.000370949 7.89907
0.999725 0.000274978 8.19854
0.999443 0.000557156 7.49211
0.999609 0.000391316 7.8456
0.999556 0.000444111 7.71899
0.999278 0.000722398 7.23221
0.99986 0.000140172 8.8725
0.997709 0.00229131 6.07634
0.999464 0.00053625 7.53037
0.998915 0.00108498 6.82511
0.999596 0.000403974 7.81376
0.999317 0.00068316 7.2881
0.99989 0.000109775 9.11697
0.99741 0.00259054 5.95329
0.999589 0.000410771 7.79706
0.999773 0.00022702 8.39024
0.999631 0.000369368 7.90335
0.999912 8.84071e-05 9.33347
0.999566 0.000434101 7.7418
0.999791 0.000208584 8.47496
0.997424 0.00257584 5.959
0.998803 0.00119652 6.72714
0.945428 0.0545719 2.85212
0.967224 0.0327757 3.38474
0.989803 0.0101971 4.5754
0.998682 0.001318 6.63032
0.979166 0.0208336 3.85013
0.997729 0.00227115 6.08519
0.623001 0.376999 0.502304
0.952089 0.0479114 2.98931
0.985376 0.0146238 4.21037
0.92708 0.0729203 2.54267
0.70142 0.29858 0.854068
0.782944 0.217056 1.28291
0.92916 0.0708404 2.57385
0.690247 0.309753 0.801274
0.940145 0.059855 2.75411
0.983771 0.0162292 4.10458
0.999996 3.76699e-06 12.4892
0.999997 3.16377e-06 12.6637
0.99998 1.9506e-05 10.8448
0.999988 1.22955e-05 11.3063
0.999998 2.12748e-06 13.0606
0.999988 1.23697e-05 11.3002
0.999998 1.52103e-06 13.3961
0.99999 1.04009e-05 11.4736
0.99997 3.0038e-05 10.413
0.999851 0.000148769 8.81297
0.997597 0.00240306 6.02861
0.986501 0.0134987 4.29157
0.942065 0.057935 2.78875
0.976969 0.0230312 3.7476
0.98092 0.0190797 3.93986
0.855165 0.144835 1.7757
0.681407 0.318593 0.760246
0.978702 0.0212983 3.8276
0.866108 0.133892 1.86698
0.949842 0.0501577 2.94112
0.998917 0.00108309 6.82685
0.999428 0.000572215 7.46542
0.997825 0.00217484 6.12862
0.998901 0.00109939 6.8119
0.999226 0.000773743 7.1635
0.998866 0.00113421 6.78069
0.999678 0.000321762 8.04138
0.998401 0.00159952 6.43645
0.998826 0.00117349 6.7466
0.999762 0.00023787 8.34355
0.991687 0.00831287 4.7816
0.999977 2.34656e-05 10.66
0.999913 8.64792e-05 9.35552
0.99995 5.03056e-05 9.89734
0.999923 7.739e-05 9.46658
0.99987 0.000130382 8.94491
0.999973 2.66205e-05 10.5338
0.999808 0.000192116 8.55722
0.999893 0.000107003 9.14255
0.999632 0.000367716 7.90783
0.999587 0.000413038 7.79156
0.999715 0.000284915 8.16304
0.999179 0.000820646 7.1046
0.99873 0.00126976 6.66766
0.99969 0.000309752 8.07943
0.996687 0.00331304 5.70657
0.99949 0.00050985 7.58088
0.998211 0.00178944 6.32406
0.998127 0.00187328 6.27819
0.999151 0.000848669 7.07099
0.999533 0.000467241 7.6682
0.960816 0.0391844 3.1995
0.962473 0.0375267 3.24445
0.97822 0.0217797 3.80476
0.895979 0.104021 2.15333
0.962404 0.0375961 3.24253
0.987165 0.0128348 4.34268
0.78399 0.21601 1.28907
0.988964 0.0110359 4.4955
0.975775 0.0242247 3.69586
0.986572 0.0134278 4.29691
0.999425 0.000575455 7.45977
0.999962 3.84283e-05 10.1667
0.999633 0.000366923 7.90999
0.999621 0.000379437 7.87644
0.999471 0.000529355 7.54332
0.993264 0.00673613 4.99351
0.999779 0.00022089 8.41762
0.999228 0.000772015 7.16573
0.999833 0.000166993 8.69739
0.999575 0.000424981 7.76304
0.998535 0.00146477 6.52459
0.985944 0.0140559 4.25056
0.992257 0.00774295 4.8532
0.919138 0.0808624 2.43069
0.894636 0.105364 2.13899
0.805653 0.194347 1.42201
0.954909 0.0450914 3.05292
0.833944 0.166056 1.61384
0.361029 0.638971 -0.5709
0.947257 0.0527433 2.88813
0.730026 0.269974 0.994752
0.98042 0.0195799 3.91348
0.999797 0.000202778 8.5032
0.999491 0.000508491 7.58355
0.999974 2.60862e-05 10.5541
0.999906 9.4389e-05 9.26799
0.999857 0.000142944 8.85292
0.999853 0.000146624 8.82749
0.9997 0.000299649 8.1126
0.999713 0.000287118 8.15533
0.999028 0.000971769 6.93542
0.999885 0.000115308 9.06779
0.994215 0.0057851 5.14667
0.979789 0.0202111 3.88111
0.987944 0.0120565 4.40602
0.989407 0.0105926 4.53695
0.985056 0.0149438 4.1884
0.976838 0.0231624 3.74179
0.988758 0.0112425 4.47675
0.998087 0.00191314 6.2571
0.987251 0.0127491 4.34947
0.995709 0.00429131 5.44686
0.99998 2.03786e-05 10.801
0.999982 1.77662e-05 10.9382
0.999958 4.24801e-05 10.0664
0.999871 0.000128983 8.9557
0.999942 5.83471e-05 9.74904
0.999992 7.92745e-06 11.7452
0.999695 0.000304871 8.09532
0.999914 8.64301e-05 9.35609
0.99997 3.00957e-05 10.4111
0.999949 5.13199e-05 9.87738
0.999934 6.60388e-05 9.6252
0.999999 1.39217e-06 13.4846
0.999999 1.32899e-06 13.5311
0.999961 3.90603e-05 10.1504
0.999996 3.53042e-06 12.5541
0.999998 2.33231e-06 12.9686
0.999992 7.97298e-06 11.7394
0.999994 6.21247e-06 11.9889
0.999979 2.06522e-05 10.7877
0.999979 2.06787e-05 10.7864
0.995007 0.00499288 5.29474
0.985672 0.0143283 4.23109
0.995016 0.00498404 5.29652
0.994055 0.00594529 5.11919
0.995292 0.00470825 5.35372
0.996115 0.00388482 5.54679
0.997212 0.00278762 5.87977
0.995062 0.00493845 5.30575
0.997777 0.0022229 6.10672
0.997764 0.00223624 6.10072
0.981742 0.0182584 3.9847
0.944261 0.0557389 2.82972
0.956553 0.0434466 3.0918
0.94659 0.0534096 2.87488
0.793425 0.206575 1.3457
0.882679 0.117321 2.01805
0.984836 0.015164 4.17355
0.889676 0.110324 2.08743
0.929518 0.0704818 2.57931
0.998756 0.00124374 6.68839
0.996647 0.00335316 5.69449
0.997973 0.00202715 6.19909
0.991318 0.00868185 4.7378
0.998647 0.00135308 6.60402
0.998791 0.00120876 6.71695
0.999622 0.000378395 7.87919
0.998091 0.00190878 6.25938
0.999096 0.000904235 7.00752
0.999196 0.000803572 7.12564
0.999684 0.000315761 8.06021
0.999926 7.43851e-05 9.50618
0.999994 6.13538e-06 12.0014
0.999959 4.13038e-05 10.0945
0.999993 7.3405e-06 11.8221
0.999949 5.11978e-05 9.87976
0.999871 0.000128668 8.95815
0.999978 2.20374e-05 10.7227
0.999979 2.12576e-05 10.7588
0.999959 4.1533e-05 10.089
0.999908 9.19294e-05 9.2944
0.999491 0.000508782 7.58298
0.998782 0.00121821 6.70915
0.995456 0.0045435 5.3895
0.996346 0.00365412 5.60824
0.996622 0.00337819 5.68703
0.999581 0.000418738 7.77785
0.997839 0.00216058 6.13522
0.998152 0.00184776 6.29193
0.999512 0.000488438 7.62381
0.999389 0.000611335 7.39925
0.999907 9.25689e-05 9.28746
0.999536 0.000463682 7.67585
0.999318 0.000681907 7.28994
0.9998 0.00020013 8.51634
0.999242 0.000757612 7.18458
0.999597 0.000403088 7.81595
0.999869 0.00013067 8.9427
0.999826 0.000174243 8.65489
0.99997 3.03761e-05 10.4018
0.999973 2.69051e-05 10.5232
0.999721 0.000279526 8.18214
0.999838 0.000161477 8.73099
0.999896 0.00010384 9.17255
0.999966 3.38027e-05 10.2949
0.999557 0.000443215 7.72101
0.999874 0.000125778 8.98086
0.999758 0.000242383 8.32475
0.999933 6.72074e-05 9.60766
0.999953 4.70042e-05 9.96523
0.999637 0.000363187 7.92023
0.999964 3.58851e-05 10.2352
0.999922 7.77302e-05 9.46219
0.999935 6.51572e-05 9.63864
0.999986 1.41011e-05 11.1692
0.999982 1.83544e-05 10.9056
0.999974 2.58799e-05 10.562
0.999913 8.7123e-05 9.3481
0.999966 3.37173e-05 10.2975
0.999951 4.9066e-05 9.92229
0.999989 1.07543e-05 11.4402
0.998521 0.0014787 6.51511
0.998639 0.00136079 6.59833
0.99846 0.00154024 6.47427
0.999721 0.000279203 8.18329
0.998422 0.00157832 6.44982
0.998314 0.00168568 6.3839
0.999434 0.000566101 7.47617
0.995869 0.00413148 5.48498
0.999605 0.000394855 7.8366
0.999463 0.000536854 7.52925
0.999314 0.000685838 7.28418
0.9994 0.000599488 7.41883
0.998299 0.00170079 6.37496
0.999572 0.000427738 7.75657
0.999858 0.00014171 8.86159
0.999379 0.00062115 7.38332
0.999883 0.000116908 9.05401
0.999567 0.000432915 7.74454
0.999297 0.000703346 7.25896
0.998575 0.00142503 6.55213
0.998346 0.00165411 6.40284
0.999279 0.000721049 7.23408
0.988973 0.0110273 4.49629
0.99856 0.00144037 6.54141
0.999317 0.000683374 7.28779
0.999604 0.000396112 7.83342
0.99892 0.00108029 6.82944
0.999756 0.000244411 8.31642
0.999734 0.000265542 8.23347
0.999842 0.000157511 8.75586
0.996207 0.00379273 5.57087
0.999273 0.000726896 7.226
0.998815 0.0011854 6.73649
0.999686 0.000314161 8.06529
0.998916 0.00108365 6.82634
0.948209 0.0517908 2.90736
0.999848 0.000152261 8.78976
0.999388 0.000611779 7.39853
0.999395 0.000604621 7.4103
0.999619 0.000380769 7.87294
0.926246 0.0737544 2.5304
0.973455 0.0265452 3.602
0.98692 0.0130804 4.32347
0.729283 0.270717 0.990987
0.983191 0.0168094 4.06887
0.942855 0.0571445 2.80333
0.836307 0.163693 1.631
0.978035 0.0219651 3.79609
0.955016 0.044984 3.05542
0.984137 0.0158634 4.12775
0.999271 0.000729261 7.22275
0.997431 0.00256849 5.96187
0.99699 0.00301008 5.80277
0.999388 0.000611732 7.3986
0.999123 0.000877161 7.03794
0.999025 0.00097482 6.93228
0.998272 0.00172767 6.35925
0.999353 0.00064698 7.34255
0.996569 0.00343057 5.67159
0.997788 0.00221165 6.1118
0.999032 0.000967758 6.93956
0.997907 0.00209325 6.16694
0.998976 0.00102456 6.88247
0.998726 0.00127403 6.6643
0.997028 0.00297159 5.81568
0.999025 0.000974862 6.93224
0.998676 0.00132402 6.62576
0.994776 0.00522375 5.2493
0.998617 0.00138303 6.5821
0.997939 0.00206059 6.1827
0.999999 1.05563e-06 13.7614
0.999999 7.47375e-07 14.1067
0.999996 4.21175e-06 12.3776
1.0 2.83881e-07 15.0747
0.999995 5.42512e-06 12.1245
0.999999 1.23091e-06 13.6078
0.999999 6.32643e-07 14.2734
0.999996 4.40005e-06 12.3339
0.99999 1.0541e-05 11.4602
1.0 4.91625e-07 14.5255
0.989624 0.0103757 4.55786
0.995406 0.00459365 5.37848
0.997258 0.00274217 5.89626
0.995684 0.00431625 5.44104
0.993675 0.00632488 5.05692
0.789725 0.210275 1.32327
0.973097 0.0269025 3.58826
0.92239 0.0776102 2.47527
0.987025 0.0129749 4.33168
0.795341 0.204659 1.35742
0.996483 0.00351742 5.6465
0.999848 0.000152071 8.79101
0.955539 0.0444609 3.06766
0.999258 0.000742451 7.20481
0.999683 0.000317485 8.05476
0.999395 0.000605144 7.40944
0.997241 0.00275931 5.89001
0.999668 0.000331806 8.01063
0.999864 0.000136339 8.90023
0.99993 6.9959e-05 9.56753
0.999924 7.63119e-05 9.48061
0.999859 0.00014122 8.86505
0.999879 0.000120567 9.02319
0.99968 0.000319885 8.04723
0.999902 9.76924e-05 9.23359
0.999909 9.09232e-05 9.3054
0.999843 0.000156449 8.76262
0.999948 5.22504e-05 9.85941
0.939945 0.060055 2.75056
0.724974 0.275026 0.96927
0.961537 0.0384626 3.21885
0.975538 0.0244615 3.68589
0.95151 0.0484896 2.9767
0.942352 0.0576475 2.79403
0.943794 0.0562063 2.82088
0.946596 0.0534037 2.87499
0.965528 0.0344716 3.33254
0.98123 0.0187697 3.95657
0.999541 0.000458813 7.68641
0.999708 0.000291825 8.13906
0.9603 0.0397001 3.18589
0.960149 0.0398507 3.18195
0.995128 0.00487247 5.31927
0.993515 0.0064846 5.03182
0.992081 0.00791902 4.83054
0.982594 0.0174063 4.03336
0.99652 0.00347994 5.65726
0.996508 0.00349192 5.65381
0.996816 0.00318383 5.74648
0.99473 0.00527019 5.24041
0.99936 0.000639772 7.35376
0.999419 0.000581172 7.44988
0.999667 0.000332689 8.00797
0.999481 0.00051903 7.56303
0.999843 0.000156917 8.75964
0.998963 0.00103689 6.87049
0.999209 0.000791134 7.14125
0.99901 0.00098986 6.91696
0.999032 0.000967477 6.93985
0.999774 0.000225626 8.39641
0.999753 0.000246566 8.30763
0.999657 0.000343188 7.97689
0.999721 0.000279271 8.18305
0.999611 0.000389242 7.85092
0.997682 0.00231825 6.06462
0.998996 0.00100408 6.90268
0.999299 0.000701312 7.26186
0.999637 0.000363232 7.92011
0.999786 0.000213682 8.45081
0.994835 0.00516468 5.26073
0.999173 0.000827282 7.09654
0.999747 0.000253529 8.27978
0.998175 0.00182462 6.30456
0.99878 0.00121982 6.70783
0.99752 0.00248024 5.99692
0.999656 0.000344002 7.97452
0.999863 0.000136744 8.89726
0.999338 0.000662072 7.31947
0.999617 0.000383176 7.86663
0.999373 0.000626567 7.37463
0.99192 0.00808006 4.81024
0.995877 0.00412274 5.48711
0.999753 0.000246574 8.3076
0.90526 0.0947403 2.25708
0.993043 0.00695701 4.96102
0.979466 0.0205337 3.86494
0.996825 0.00317527 5.74918
0.988242 0.0117576 4.43143
0.9786 0.0214001 3.82273
0.994717 0.005283 5.23797
0.999921 7.90594e-05 9.44523
0.999949 5.08626e-05 9.88633
0.999963 3.71418e-05 10.2007
0.999953 4.68942e-05 9.96757
0.999913 8.73583e-05 9.34541
0.999913 8.71847e-05 9.34739
0.997805 0.00219532 6.11923
0.999692 0.000308259 8.08426
0.999894 0.000106478 9.14746
0.999823 0.000176991 8.63923
0.999992 7.69483e-06 11.775
0.999988 1.20481e-05 11.3266
0.999973 2.71203e-05 10.5152
0.999991 9.20092e-06 11.5962
0.99997 2.99192e-05 10.417
0.999982 1.82769e-05 10.9099
0.999996 3.60747e-06 12.5325
0.999999 1.42716e-06 13.4598
0.999984 1.62303e-05 11.0286
0.999995 5.20295e-06 12.1663
0.997353 0.00264698 5.93168
0.999167 0.000833395 7.08917
0.999927 7.32848e-05 9.52108
0.999966 3.37462e-05 10.2966
0.999736 0.000263836 8.23992
0.99975 0.000249912 8.29415
0.999898 0.000102434 9.18619
0.999938 6.21764e-05 9.68547
0.99616 0.00384025 5.55837
0.998784 0.00121555 6.71134
0.998925 0.0010754 6.83398
0.99904 0.000960351 6.94725
0.99898 0.00101952 6.88741
0.996551 0.00344891 5.66624
0.998947 0.00105272 6.85533
0.998811 0.00118917 6.73331
0.990748 0.00925185 4.67364
0.996115 0.00388518 5.54669
0.997047 0.00295302 5.82197
0.998164 0.00183623 6.2982
0.999669 0.000331202 8.01245
0.997332 0.00266762 5.9239
0.990944 0.0090556 4.69528
0.989058 0.010942 4.50414
0.994475 0.00552478 5.19297
0.998005 0.00199505 6.21509
0.999097 0.000902622 7.0093
0.998942 0.00105835 6.84999
0.998251 0.00174879 6.34708
0.99463 0.00537014 5.22152
0.999994 6.15562e-06 11.9981
0.999999 7.84901e-07 14.0577
0.999982 1.80146e-05 10.9243
0.999994 5.75405e-06 12.0656
0.999996 4.38733e-06 12.3368
0.999991 9.28304e-06 11.5873
0.999995 5.38132e-06 12.1326
0.999999 1.14276e-06 13.6821
0.999999 1.2342e-06 13.6051
0.999995 5.41835e-06 12.1257
0.987275 0.0127247 4.3514
0.994617 0.00538272 5.21916
0.994805 0.00519517 5.25482
0.976558 0.0234425 3.72948
0.985567 0.0144327 4.22372
0.977111 0.0228891 3.75394
0.926388 0.0736119 2.53249
0.99754 0.0024599 6.00517
0.989038 0.0109624 4.50226
0.993599 0.00640134 5.04483
0.990009 0.00999088 4.59604
0.99124 0.00876004 4.72876
0.973705 0.0262952 3.61172
0.994217 0.00578336 5.14697
0.999193 0.000806786 7.12165
0.999509 0.000490898 7.61878
0.997381 0.00261871 5.94245
0.998799 0.00120133 6.72312
0.99904 0.000960228 6.94738
0.997596 0.00240372 6.02833
0.998922 0.00107795 6.83161
0.996431 0.0035693 5.63181
0.985779 0.014221 4.23871
0.947412 0.0525878 2.89125
0.99983 0.000170273 8.67794
0.999897 0.000103214 9.17861
0.992667 0.00733278 4.90804
0.992027 0.00797306 4.82368
0.912805 0.0871946 2.34838
0.97073 0.0292704 3.50147
0.998985 0.00101526 6.8916
0.998004 0.00199613 6.21455
0.997202 0.00279795 5.87607
0.99885 0.0011498 6.76702
0.999581 0.000418749 7.77782
0.999856 0.0001442 8.84416
0.999426 0.000574117 7.4621
0.989644 0.0103564 4.55974
0.998577 0.00142274 6.55374
0.997254 0.00274629 5.89475
0.999275 0.000725448 7.228
0.997215 0.00278472 5.88082
0.988931 0.0110692 4.49246
0.998544 0.00145646 6.53029
0.998666 0.00133372 6.61845
0.998181 0.00181905 6.30762
0.993555 0.00644512 5.03797
0.998613 0.00138664 6.57949
0.999778 0.000221927 8.41294
0.999645 0.000355101 7.94275
0.999999 9.45716e-07 13.8713
0.999996 4.16629e-06 12.3885
0.999995 4.65987e-06 12.2765
0.999999 8.30467e-07 14.0013
0.999964 3.64079e-05 10.2207
0.999999 1.0441e-06 13.7724
0.999999 1.34177e-06 13.5215
0.999996 3.75633e-06 12.4921
0.999998 2.23486e-06 13.0113
0.999999 1.28582e-06 13.5641
0.997225 0.00277545 5.88416
0.999455 0.000544625 7.51487
0.999518 0.000482353 7.63635
0.999362 0.000637868 7.35674
0.999794 0.000206469 8.48515
0.99887 0.00113002 6.78439
0.999761 0.000238804 8.33963
0.99917 0.000830258 7.09294
0.99958 0.000420145 7.77449
0.998658 0.00134235 6.61199
0.999538 0.000461617 7.68031
0.99987 0.000129688 8.95025
0.999914 8.609e-05 9.36003
0.999885 0.000114927 9.07109
0.999973 2.7187e-05 10.5127
0.999793 0.000206798 8.48356
0.99936 0.000640442 7.35271
0.999959 4.13651e-05 10.093
0.998885 0.00111506 6.79773
0.998838 0.00116166 6.75674
0.000723022 0.999277 -7.23135
1.66197e-05 0.999983 -11.0049
9.60581e-05 0.999904 -9.25046
3.92345e-05 0.999961 -10.1459
5.93609e-05 0.999941 -9.73182
2.09461e-05 0.999979 -10.7735
0.00129254 0.998707 -6.64985
0.000930629 0.999069 -6.97872
0.000194614 0.999805 -8.5443
0.000148764 0.999851 -8.813
0.00112232 0.998878 -6.79123
0.00501258 0.994987 -5.29078
0.00354856 0.996451 -5.63766
0.000107387 0.999893 -9.13896
6.66433e-05 0.999933 -9.61609
0.0087179 0.991282 -4.73362
0.00068755 0.999312 -7.28169
0.00066593 0.999334 -7.31366
0.000387878 0.999612 -7.85443
0.000117653 0.999882 -9.04766
0.00588106 0.994119 -5.13012
0.0105193 0.989481 -4.54397
0.00702783 0.992972 -4.95082
0.00294601 0.997054 -5.82435
0.00449789 0.995502 -5.39964
0.0115756 0.988424 -4.44721
0.00118073 0.998819 -6.74044
0.00058644 0.999414 -7.44085
0.00343902 0.996561 -5.66912
0.000288398 0.999712 -8.15088
0.1154 0.8846 -2.03673
0.0494769 0.950523 -2.95551
0.00888891 0.991111 -4.71402
0.00689847 0.993102 -4.96953
0.00649566 0.993504 -5.0301
0.000179586 0.99982 -8.62468
0.000119834 0.99988 -9.02928
5.41513e-05 0.999946 -9.82367
0.000184682 0.999815 -8.59669
0.00726298 0.992737 -4.91768
0.000928649 0.999071 -6.98085
0.00127658 0.998723 -6.66229
0.0589059 0.941094 -2.7711
0.0107309 0.989269 -4.52384
0.00260896 0.997391 -5.94619
0.00384948 0.99615 -5.55596
0.0885302 0.91147 -2.33172
0.000685154 0.999315 -7.28518
0.00388645 0.996114 -5.54637
0.0145211 0.985479 -4.21752
0.010732 0.989268 -4.52374
0.00329487 0.996705 -5.71209
0.0471258 0.952874 -3.00666
0.00592609 0.994074 -5.12245
0.00188165 0.998118 -6.27372
0.00989611 0.990104 -4.60567
0.003214 0.996786 -5.73702
0.00512733 0.994873 -5.26803
0.00228728 0.997713 -6.0781
0.0344122 0.965588 -3.33433
0.00343327 0.996567 -5.6708
0.00427039 0.99573 -5.45177
0.0650726 0.934927 -2.66497
0.318496 0.681504 -0.760694
0.0483849 0.951615 -2.97897
0.0161614 0.983839 -4.10884
0.0661082 0.933892 -2.64807
0.00419079 0.995809 -5.47067
0.00115101 0.998849 -6.76596
0.0308344 0.969166 -3.4478
0.00873291 0.991267 -4.73189
0.0126763 0.987324 -4.35526
0.00195026 0.99805 -6.23784
1.53645e-05 0.999985 -11.0834
0.000102305 0.999898 -9.18745
0.000271923 0.999728 -8.20972
1.47457e-05 0.999985 -11.1245
0.000844339 0.999156 -7.07611
0.000870127 0.99913 -7.046
4.3797e-05 0.999956 -10.0359
3.7115e-05 0.999963 -10.2015
0.000313885 0.999686 -8.06617
0.000368331 0.999632 -7.90616
0.00070603 0.999294 -7.25515
0.00147791 0.998522 -6.51565
0.00135672 0.998643 -6.60133
0.00231864 0.997681 -6.06445
0.0107715 0.989228 -4.52002
0.00124626 0.998754 -6.68636
0.000246415 0.999754 -8.30825
0.000122302 0.999878 -9.0089
0.000201381 0.999799 -8.51011
0.00109578 0.998904 -6.8152
0.000262606 0.999737 -8.24459
0.00139757 0.998602 -6.57162
0.0112143 0.988786 -4.47929
0.00526064 0.994739 -5.24223
0.0126656 0.987334 -4.35612
0.0262877 0.973712 -3.61202
0.00323553 0.996764 -5.73032
0.00644502 0.993555 -5.03798
0.00414463 0.995855 -5.48179
0.00294852 0.997051 -5.8235
0.00409776 0.995902 -5.49321
0.00244505 0.997555 -6.01124
0.00252981 0.99747 -5.97708
0.00348993 0.99651 -5.65438
0.000197525 0.999803 -8.52945
1.13684e-05 0.999989 -11.3847
3.53556e-05 0.999965 -10.25
3.35327e-05 0.999967 -10.303
1.16539e-05 0.999988 -11.3599
1.42086e-05 0.999986 -11.1616
8.28252e-05 0.999917 -9.39869
1.87543e-05 0.999981 -10.8841
1.96678e-05 0.99998 -10.8365
0.000231715 0.999768 -8.36977
0.00425292 0.995747 -5.45589
0.00355925 0.996441 -5.63464
3.53709e-05 0.999965 -10.2496
5.34485e-05 0.999947 -9.83674
0.000386896 0.999613 -7.85697
0.0131221 0.986878 -4.32025
0.000254576 0.999745 -8.27566
0.000517639 0.999482 -7.56572
0.000451577 0.999548 -7.70231
0.000121759 0.999878 -9.01335
0.000772198 0.999228 -7.1655
0.00048088 0.999519 -7.63941
0.0145246 0.985475 -4.21728
0.0177246 0.982275 -4.01491
0.00115523 0.998845 -6.7623
0.00492225 0.995078 -5.30905
0.00443624 0.995564 -5.4135
0.0601855 0.939814 -2.74825
0.000354771 0.999645 -7.94368
0.00346731 0.996533 -5.6609
0.00380536 0.996195 -5.56753
0.0562666 0.943733 -2.81974
0.00176345 0.998237 -6.33872
1.20334e-05 0.999988 -11.3278
0.00109783 0.998902 -6.81333
6.30847e-05 0.999937 -9.67097
0.000412038 0.999588 -7.79398
0.0162489 0.983751 -4.10335
7.68457e-05 0.999923 -9.47363
0.000360968 0.999639 -7.92636
0.000178104 0.999822 -8.63297
5.589e-06 0.999994 -12.0947
0.000515891 0.999484 -7.5691
0.000733157 0.999267 -7.21742
0.00142511 0.998575 -6.55208
0.000438607 0.999561 -7.73147
0.000219411 0.999781 -8.42435
0.000958237 0.999042 -6.94946
0.000419467 0.999581 -7.77611
0.303358 0.696642 -0.831358
0.00704562 0.992954 -4.94828
0.0159363 0.984064 -4.12309
0.0122456 0.987754 -4.39027
0.000567397 0.999433 -7.47388
0.0088271 0.991173 -4.72106
0.000967348 0.999033 -6.93998
0.000757334 0.999243 -7.18495
0.00407418 0.995926 -5.499
0.0107076 0.989292 -4.52603
0.00958348 0.990417 -4.63808
0.00145441 0.998546 -6.5317
0.000470724 0.999529 -7.66077
0.000183838 0.999816 -8.60127
5.16298e-05 0.999948 -9.87136
5.01605e-06 0.999995 -12.2029
0.000105744 0.999894 -9.15439
0.000301648 0.999698 -8.10595
0.000238411 0.999762 -8.34128
0.000249579 0.99975 -8.29549
0.000481921 0.999518 -7.63725
3.81009e-05 0.999962 -10.1752
0.00083527 0.999165 -7.08692
0.00174928 0.998251 -6.3468
0.0020889 0.997911 -6.16903
0.000778105 0.999222 -7.15787
8.40085e-05 0.999916 -9.38451
0.000355137 0.999645 -7.94265
0.000608695 0.999391 -7.40358
0.000675985 0.999324 -7.29866
0.000357895 0.999642 -7.93491
0.000673152 0.999327 -7.30287
0.000627846 0.999372 -7.37259
0.00017864 0.999821 -8.62996
0.000719218 0.999281 -7.23663
0.000213922 0.999786 -8.44969
9.91072e-05 0.999901 -9.21921
2.738e-05 0.999973 -10.5057
9.12082e-05 0.999909 -9.30227
1.49109e-05 0.999985 -11.1134
1.91033e-05 0.999981 -10.8656
0.000253351 0.999747 -8.28048
0.000854168 0.999146 -7.06453
0.00166397 0.998336 -6.39688
0.000731441 0.999269 -7.21976
0.00382506 0.996175 -5.56235
0.00144157 0.998558 -6.54058
0.00217057 0.997829 -6.13059
0.00248692 0.997513 -5.99422
0.00379887 0.996201 -5.56925
0.0143183 0.985682 -4.23179
0.0674043 0.932596 -2.62726
0.0171236 0.982876 -4.05003
0.0012676 0.998732 -6.66936
0.00115991 0.99884 -6.75825
0.00064761 0.999352 -7.34157
0.0219046 0.978095 -3.79891
0.0018223 0.998178 -6.30583
0.0134753 0.986525 -4.29333
0.00122773 0.998772 -6.70136
0.00773309 0.992267 -4.85448
0.000316238 0.999684 -8.0587
0.00207535 0.997925 -6.17555
0.0124286 0.987571 -4.37525
0.013728 0.986272 -4.2745
0.00694832 0.993052 -4.96228
0.00607419 0.993926 -5.09761
0.0101582 0.989842 -4.57927
0.00152331 0.998477 -6.48535
0.0091971 0.990803 -4.67963
0.0086818 0.991318 -4.73781
0.00260021 0.9974 -5.94956
0.000443368 0.999557 -7.72067
7.82854e-05 0.999922 -9.45507
0.00024286 0.999757 -8.32278
9.46523e-05 0.999905 -9.26521
4.88429e-05 0.999951 -9.92685
0.000283796 0.999716 -8.16697
0.000125586 0.999874 -8.9824
0.000104689 0.999895 -9.16441
0.00051649 0.999483 -7.56794
0.000505337 0.999495 -7.58978
8.86132e-05 0.999911 -9.33114
9.38481e-05 0.999906 -9.27374
9.41215e-05 0.999906 -9.27083
1.08517e-05 0.999989 -11.4312
1.42432e-05 0.999986 -11.1592
0.00163281 0.998367 -6.41582
0.000254896 0.999745 -8.2744
0.000238752 0.999761 -8.33985
3.30638e-05 0.999967 -10.317
0.000198584 0.999801 -8.5241
0.000100541 0.9999 -9.20485
0.000543135 0.999457 -7.51761
2.93884e-05 0.999971 -10.4349
6.06154e-05 0.999939 -9.7109
3.66992e-05 0.999963 -10.2127
3.00991e-05 0.99997 -10.411
1.09018e-05 0.999989 -11.4266
4.70788e-05 0.999953 -9.96364
2.63361e-05 0.999974 -10.5445
4.08475e-05 0.999959 -10.1056
0.00035605 0.999644 -7.94008
0.000167882 0.999832 -8.69208
0.000110551 0.999889 -9.10992
0.000123404 0.999877 -8.99992
7.5087e-05 0.999925 -9.49679
0.00162019 0.99838 -6.42359
0.00085426 0.999146 -7.06442
7.91899e-05 0.999921 -9.44358
0.000189379 0.999811 -8.57157
0.00028878 0.999711 -8.14956
0.000295036 0.999705 -8.12812
0.000553308 0.999447 -7.49904
0.000272042 0.999728 -8.20928
0.0013023 0.998698 -6.64232
0.000613215 0.999387 -7.39618
0.000283768 0.999716 -8.16707
0.000434824 0.999565 -7.74013
0.000606472 0.999393 -7.40724
0.000529376 0.999471 -7.54328
0.000175648 0.999824 -8.64685
0.000342963 0.999657 -7.97754
0.00137311 0.998627 -6.5893
0.000204413 0.999796 -8.49516
0.00105519 0.998945 -6.85298
0.000153311 0.999847 -8.78289
0.00034293 0.999657 -7.97764
0.00041017 0.99959 -7.79853
0.000261998 0.999738 -8.24691
7.74064e-05 0.999923 -9.46636
0.000119409 0.999881 -9.03283
0.00034396 0.999656 -7.97464
0.0124081 0.987592 -4.37692
0.0106001 0.9894 -4.53624
0.000118463 0.999882 -9.04079
0.000345402 0.999655 -7.97046
0.000270257 0.99973 -8.21587
0.000379411 0.999621 -7.87651
0.00524703 0.994753 -5.24483
0.000432718 0.999567 -7.74499
0.000862715 0.999137 -7.05456
0.0367411 0.963259 -3.26643
0.000433209 0.999567 -7.74386
0.000553101 0.999447 -7.49942
0.00538037 0.99462 -5.2196
0.00209923 0.997901 -6.16408
0.00225592 0.997744 -6.09194
0.000973923 0.999026 -6.9332
0.00390147 0.996099 -5.54249
6.90373e-05 0.999931 -9.58079
0.000122514 0.999877 -9.00716
0.0033262 0.996674 -5.70259
0.000624902 0.999375 -7.37729
0.00622828 0.993772 -5.07241
0.000281058 0.999719 -8.17667
0.00325746 0.996743 -5.72354
0.000575914 0.999424 -7.45898
2.20446e-05 0.999978 -10.7224
0.0119327 0.988067 -4.41647
7.43632e-05 0.999926 -9.50648
7.46739e-05 0.999925 -9.50231
0.000662011 0.999338 -7.31957
0.000230348 0.99977 -8.37569
0.000242653 0.999757 -8.32364
0.00014644 0.999853 -8.82875
6.97684e-05 0.99993 -9.57026
0.000657341 0.999343 -7.32665
0.000270664 0.999729 -8.21436
0.000158388 0.999842 -8.75031
3.99019e-05 0.99996 -10.129
0.000406653 0.999593 -7.80714
0.00214941 0.997851 -6.14041
0.00148653 0.998514 -6.50982
0.000710923 0.999289 -7.24823
0.00100829 0.998992 -6.89849
0.000387084 0.999613 -7.85648
0.00117148 0.998828 -6.74831
0.00267817 0.997322 -5.91994
0.000559053 0.999441 -7.48871
0.00143866 0.998561 -6.5426
0.000511843 0.999488 -7.57698
0.000537604 0.999462 -7.52785
0.00137482 0.998625 -6.58805
0.00085793 0.999142 -7.06013
0.000161469 0.999838 -8.73104
0.000419818 0.99958 -7.77527
0.000351111 0.999649 -7.95406
0.000291913 0.999708 -8.13876
4.37163e-05 0.999956 -10.0377
9.34983e-05 0.999907 -9.27747
4.59868e-05 0.999954 -9.98711
0.000349067 0.999651 -7.9599
0.000554145 0.999446 -7.49753
0.00874396 0.991256 -4.73061
0.000551924 0.999448 -7.50155
0.00312463 0.996875 -5.76531
0.195546 0.804454 -1.41437
0.0189515 0.981049 -3.94674
0.00148139 0.998519 -6.51329
0.00632689 0.993673 -5.0566
0.00452875 0.995471 -5.39277
0.0005183 0.999482 -7.56444
0.000255128 0.999745 -8.27349
0.0011582 0.998842 -6.75973
0.000294995 0.999705 -8.12826
0.000188896 0.999811 -8.57413
0.000211127 0.999789 -8.46284
0.000140996 0.999859 -8.86664
3.10716e-05 0.999969 -10.3792
4.43024e-05 0.999956 -10.0244
0.000138856 0.999861 -8.88193
0.00267647 0.997324 -5.92058
0.00477374 0.995226 -5.33984
0.00103861 0.998961 -6.86883
0.00196435 0.998036 -6.23063
0.0821564 0.917844 -2.4134
0.0058596 0.99414 -5.1338
0.0136262 0.986374 -4.28204
0.0139063 0.986094 -4.26141
0.0193782 0.980622 -3.92404
0.000801988 0.999198 -7.12761
7.55315e-05 0.999924 -9.49088
6.91076e-05 0.999931 -9.57978
2.30943e-05 0.999977 -10.6759
3.09384e-05 0.999969 -10.3835
2.9484e-05 0.999971 -10.4316
4.45402e-05 0.999955 -10.0191
2.48652e-05 0.999975 -10.602
1.40291e-05 0.999986 -11.1744
1.20548e-05 0.999988 -11.326
0.000135292 0.999865 -8.90794
0.00292827 0.997072 -5.83041
0.00011571 0.999884 -9.06431
0.0076687 0.992331 -4.86291
0.014894 0.985106 -4.19179
0.000388541 0.999611 -7.85272
0.00221933 0.997781 -6.10833
0.000709422 0.999291 -7.25035
0.00205666 0.997943 -6.18461
0.0254763 0.974524 -3.6442
0.0550778 0.944922 -2.84236
7.9505e-05 0.99992 -9.43961
0.000381805 0.999618 -7.87022
0.000141664 0.999858 -8.86191
0.000352002 0.999648 -7.95152
0.000315109 0.999685 -8.06228
0.000145151 0.999855 -8.83759
0.000124289 0.999876 -8.99277
7.79682e-05 0.999922 -9.45913
0.000793761 0.999206 -7.13793
4.46643e-05 0.999955 -10.0163
0.000650781 0.999349 -7.33669
0.000881967 0.999118 -7.03247
6.98943e-05 0.99993 -9.56846
9.31776e-05 0.999907 -9.28091
6.58681e-05 0.999934 -9.62779
0.00756532 0.992435 -4.87659
0.000874591 0.999125 -7.04088
0.00548692 0.994513 -5.19989
0.000923645 0.999076 -6.98626
0.000200618 0.999799 -8.51391
0.00200276 0.997997 -6.21122
0.448521 0.551479 -0.206648
0.018156 0.981844 -3.99043
0.0459397 0.95406 -3.0334
0.0298394 0.970161 -3.48163
0.0407189 0.959281 -3.15949
0.0372417 0.962758 -3.25237
0.241735 0.758265 -1.14319
0.00365498 0.996345 -5.608
0.00380164 0.996198 -5.56851
0.00334984 0.99665 -5.69549
0.0472454 0.952755 -3.004
0.00309334 0.996907 -5.7754
0.000820749 0.999179 -7.10447
0.00570232 0.994298 -5.16116
0.0069112 0.993089 -4.96768
0.00421297 0.995787 -5.46536
0.162686 0.837314 -1.63838
0.000325827 0.999674 -8.02882
0.00367718 0.996323 -5.60192
0.000572265 0.999428 -7.46534
0.000340264 0.99966 -7.98545
0.00155904 0.998441 -6.46213
0.0104521 0.989548 -4.55045
0.000695361 0.999305 -7.27038
0.000878449 0.999122 -7.03647
0.00226565 0.997734 -6.08762
0.00061676 0.999383 -7.39041
0.00192512 0.998075 -6.25084
0.00254283 0.997457 -5.97193
0.000108852 0.999891 -9.12541
0.000170857 0.999829 -8.67451
5.35269e-05 0.999946 -9.83527
1.2615e-05 0.999987 -11.2806
5.34817e-05 0.999946 -9.83612
6.4634e-05 0.999935 -9.64671
4.05544e-05 0.999959 -10.1128
4.31784e-05 0.999957 -10.0501
3.14855e-05 0.999969 -10.366
0.000181157 0.999819 -8.61596
0.000163832 0.999836 -8.71651
0.000218499 0.999782 -8.42851
0.000480751 0.999519 -7.63968
0.00332345 0.996677 -5.70342
0.000565274 0.999435 -7.47764
0.000364094 0.999636 -7.91773
0.00140754 0.998592 -6.56451
0.000109528 0.99989 -9.11922
0.000125776 0.999874 -8.98088
0.0004066 0.999593 -7.80727
0.00262767 0.997372 -5.93902
0.00209365 0.997906 -6.16675
0.000837585 0.999162 -7.08415
0.00183438 0.998166 -6.29921
0.00231603 0.997684 -6.06558
0.0014345 0.998565 -6.54551
0.000951992 0.999048 -6.956
0.00180592 0.998194 -6.31488
0.000381909 0.999618 -7.86995
0.00200865 0.997991 -6.20828
0.00155292 0.998447 -6.46606
0.00321143 0.996789 -5.73782
0.000982656 0.999017 -6.92427
0.00365105 0.996349 -5.60908
0.00409684 0.995903 -5.49343
0.00402853 0.995972 -5.51032
0.0127069 0.987293 -4.35282
0.0026935 0.997306 -5.91422
0.00470903 0.995291 -5.35355
0.00108853 0.998911 -6.82183
0.00440396 0.995596 -5.42084
0.0680252 0.931975 -2.61743
0.00683808 0.993162 -4.97839
0.0036461 0.996354 -5.61044
0.00202943 0.997971 -6.19797
0.0533967 0.946603 -2.87513
0.00447188 0.995528 -5.40546
0.00232008 0.99768 -6.06383
0.0146453 0.985355 -4.20888
0.000373622 0.999626 -7.89189
0.000155519 0.999844 -8.76859
0.00112343 0.998877 -6.79025
0.00217401 0.997826 -6.12901
0.000659318 0.999341 -7.32364
0.000431042 0.999569 -7.74887
0.000209615 0.99979 -8.47003
0.000657476 0.999343 -7.32644
0.000450199 0.99955 -7.70537
6.24165e-05 0.999938 -9.68162
0.000194356 0.999806 -8.54563
0.000182926 0.999817 -8.60625
0.000772906 0.999227 -7.16458
0.000317341 0.999683 -8.05522
0.000160662 0.999839 -8.73605
0.00173956 0.99826 -6.35238
0.000340665 0.999659 -7.98427
0.000486022 0.999514 -7.62877
0.000459701 0.99954 -7.68447
0.000119914 0.99988 -9.02861
0.000398064 0.999602 -7.8285
0.000102032 0.999898 -9.19012
2.36371e-05 0.999976 -10.6527
0.000351671 0.999648 -7.95246
0.000181446 0.999819 -8.61437
1.68962e-05 0.999983 -10.9884
6.77739e-05 0.999932 -9.59927
8.92304e-05 0.999911 -9.3242
0.000582621 0.999417 -7.44739
0.00225241 0.997748 -6.0935
0.00105362 0.998946 -6.85447
0.0112395 0.988761 -4.47702
0.0384884 0.961512 -3.21815
0.00286071 0.997139 -5.85382
0.00223942 0.997761 -6.09929
0.00219262 0.997807 -6.12046
0.00901131 0.990989 -4.70022
0.0171501 0.98285 -4.04845
0.00508541 0.994915 -5.27628
0.00137138 0.998629 -6.59057
0.00049373 0.999506 -7.61303
0.00582468 0.994175 -5.13981
0.000723359 0.999277 -7.23088
0.00153047 0.99847 -6.48065
0.00963709 0.990363 -4.63245
0.00485073 0.995149 -5.32376
0.00839586 0.991604 -4.77159
0.000147899 0.999852 -8.81884
0.00264896 0.997351 -5.93094
0.000292387 0.999708 -8.13714
9.73188e-05 0.999903 -9.23742
0.000140532 0.999859 -8.86993
0.000223454 0.999777 -8.40608
0.000196261 0.999804 -8.53587
0.00167997 0.99832 -6.3873
0.000327449 0.999673 -8.02385
0.000661819 0.999338 -7.31986
0.000953255 0.999047 -6.95467
0.000372653 0.999627 -7.89449
0.00200644 0.997994 -6.20938
0.00148483 0.998515 -6.51097
0.000598687 0.999401 -7.42017
0.0159234 0.984077 -4.12392
0.00771777 0.992282 -4.85648
0.00104075 0.998959 -6.86677
0.0659728 0.934027 -2.65026
0.000399307 0.999601 -7.82538
0.00251491 0.997485 -5.983
0.00205167 0.997948 -6.18705
0.0023731 0.997627 -6.04118
0.0154133 0.984587 -4.15699
0.00158249 0.998417 -6.44717
0.0395599 0.96044 -3.18958
0.00558388 0.994416 -5.18227
0.001523 0.998477 -6.48555
0.154099 0.845901 -1.70281
9.15443e-05 0.999908 -9.2986
0.0058779 0.994122 -5.13066
0.0122852 0.987715 -4.387
0.00338579 0.996614 -5.68478
0.00085569 0.999144 -7.06275
0.00509251 0.994907 -5.27488
0.00511372 0.994886 -5.2707
0.000362 0.999638 -7.92351
0.000583388 0.999417 -7.44607
0.000570055 0.99943 -7.46921
0.000547232 0.999453 -7.51009
0.00125107 0.998749 -6.68251
0.00141368 0.998586 -6.56015
0.00798175 0.992018 -4.82258
0.000956311 0.999044 -6.95147
0.000846597 0.999153 -7.07344
0.0162349 0.983765 -4.10422
0.000668226 0.999332 -7.31022
0.00714014 0.99286 -4.93486
0.0117506 0.988249 -4.43203
0.00128675 0.998713 -6.65435
0.00349564 0.996504 -5.65274
5.47783e-05 0.999945 -9.81216
0.000148458 0.999851 -8.81506
0.000766122 0.999234 -7.1734
0.000343304 0.999657 -7.97655
0.000311623 0.999688 -8.0734
0.00126494 0.998735 -6.67146
0.000528902 0.999471 -7.54418
0.00435279 0.995647 -5.43258
0.000470671 0.999529 -7.66088
0.00182398 0.998176 -6.30491
0.000294873 0.999705 -8.12867
5.23973e-05 0.999948 -9.8566
4.347e-06 0.999996 -12.346
1.57605e-05 0.999984 -11.058
1.54521e-05 0.999985 -11.0778
7.89646e-06 0.999992 -11.7491
0.000439954 0.99956 -7.7284
0.000204234 0.999796 -8.49604
0.000188403 0.999812 -8.57674
0.000428295 0.999572 -7.75527
5.28588e-05 0.999947 -9.84783
0.000184592 0.999815 -8.59718
0.000550315 0.99945 -7.50447
1.99866e-05 0.99998 -10.8204
1.32869e-05 0.999987 -11.2287
3.13514e-05 0.999969 -10.3702
0.000885106 0.999115 -7.02892
0.000189749 0.99981 -8.56962
2.48343e-05 0.999975 -10.6033
0.000331979 0.999668 -8.01011
1.58803e-05 0.999984 -11.0504
6.82286e-05 0.999932 -9.59258
0.000144939 0.999855 -8.83905
0.000197693 0.999802 -8.5286
0.000117566 0.999882 -9.0484
5.24083e-05 0.999948 -9.85639
0.000297859 0.999702 -8.11859
0.000153017 0.999847 -8.78481
0.000291608 0.999708 -8.13981
0.00053898 0.999461 -7.52529
0.000345526 0.999655 -7.9701
0.00967703 0.990323 -4.62828
0.00160767 0.998392 -6.43136
0.00112512 0.998875 -6.78874
0.00168743 0.998313 -6.38286
0.00139948 0.998601 -6.57025
0.00110423 0.998896 -6.8075
0.000338234 0.999662 -7.99144
0.00370754 0.996292 -5.59367
0.00328369 0.996716 -5.7155
0.000227272 0.999773 -8.38914
0.00266354 0.997336 -5.92543
0.000496085 0.999504 -7.60827
0.00484821 0.995152 -5.32429
8.27279e-06 0.999992 -11.7025
1.46185e-05 0.999985 -11.1332
9.95648e-06 0.99999 -11.5173
5.36548e-06 0.999995 -12.1355
0.0211447 0.978855 -3.835
0.000147411 0.999853 -8.82214
0.0251737 0.974826 -3.65646
0.00686262 0.993137 -4.97478
0.016477 0.983523 -4.08917
0.0100184 0.989982 -4.59327
0.00212562 0.997874 -6.15157
0.023152 0.976848 -3.74225
0.00295675 0.997043 -5.8207
0.0109318 0.989068 -4.50509
0.0326456 0.967354 -3.38885
0.365484 0.634516 -0.551639
0.0980531 0.901947 -2.21905
0.00185774 0.998142 -6.28653
0.000802242 0.999198 -7.1273
0.00125213 0.998748 -6.68165
0.10541 0.89459 -2.13851
0.00133518 0.998665 -6.61735
0.00116681 0.998833 -6.75232
0.0740557 0.925944 -2.526
0.000386692 0.999613 -7.85749
0.00062555 0.999374 -7.37625
0.000455827 0.999544 -7.69294
0.00273145 0.997269 -5.90019
0.00522073 0.994779 -5.24988
0.000235911 0.999764 -8.35182
0.0105995 0.9894 -4.53629
0.00463013 0.99537 -5.37053
0.00294743 0.997053 -5.82387
0.000641174 0.999359 -7.35157
0.00102478 0.998975 -6.88226
0.00575605 0.994244 -5.15173
0.00120558 0.998794 -6.71959
0.729173 0.270827 0.990432
0.15555 0.84445 -1.69172
0.0158588 0.984141 -4.12804
0.00436999 0.99563 -5.42862
0.00620847 0.993792 -5.07561
0.0209096 0.97909 -3.84642
0.0277995 0.972201 -3.55455
0.449901 0.550099 -0.201072
0.00995856 0.990041 -4.59931
0.0408668 0.959133 -3.15571
0.00147097 0.998529 -6.52036
3.98461e-05 0.99996 -10.1304
9.31225e-05 0.999907 -9.2815
0.000388029 0.999612 -7.85404
5.5069e-05 0.999945 -9.80687
0.000718249 0.999282 -7.23798
0.000139263 0.999861 -8.87901
3.12088e-05 0.999969 -10.3748
8.46013e-05 0.999915 -9.37748
0.00022019 0.99978 -8.4208
0.00544995 0.99455 -5.20668
0.00135321 0.998647 -6.60392
0.000777292 0.999223 -7.15892
0.00298725 0.997013 -5.81041
0.000722206 0.999278 -7.23248
0.00098792 0.999012 -6.91892
0.0103716 0.989628 -4.55825
0.00554803 0.994452 -5.18875
0.0145397 0.98546 -4.21623
0.00456691 0.995433 -5.38434
0.000121939 0.999878 -9.01187
0.000121502 0.999879 -9.01546
8.96822e-05 0.99991 -9.31915
0.000217252 0.999783 -8.43424
0.000422941 0.999577 -7.76786
0.000447071 0.999553 -7.71235
0.00127212 0.998728 -6.6658
0.000135071 0.999865 -8.90958
0.00022088 0.999779 -8.41767
0.000668674 0.999331 -7.30955
0.000522794 0.999477 -7.5558
0.000468794 0.999531 -7.66488
0.000306919 0.999693 -8.08862
0.00012212 0.999878 -9.01039
0.00151995 0.99848 -6.48756
0.000166142 0.999834 -8.7025
0.000175238 0.999825 -8.64919
0.000193976 0.999806 -8.54758
0.000257642 0.999742 -8.26368
0.000317214 0.999683 -8.05562
0.000783388 0.999217 -7.1511
0.000237883 0.999762 -8.34349
0.000303434 0.999697 -8.10004
0.000245191 0.999755 -8.31323
0.000262355 0.999738 -8.24555
0.000179177 0.999821 -8.62696
7.63566e-05 0.999924 -9.48002
0.000296794 0.999703 -8.12218
0.000190806 0.999809 -8.56406
0.00394129 0.996059 -5.5323
0.00234435 0.997656 -6.0534
0.00115981 0.99884 -6.75834
0.000622033 0.999378 -7.3819
0.000681726 0.999318 -7.2902
0.000444526 0.999555 -7.71806
0.000485565 0.999514 -7.62971
0.00199605 0.998004 -6.21459
0.000779386 0.999221 -7.15622
0.00181779 0.998182 -6.30832
0.00376566 0.996234 -5.57806
0.000353448 0.999647 -7.94742
0.000109829 0.99989 -9.11647
0.000160648 0.999839 -8.73613
0.00332474 0.996675 -5.70303
0.000835988 0.999164 -7.08606
0.00458324 0.995417 -5.38076
0.000611481 0.999388 -7.39902
0.00344228 0.996558 -5.66817
0.000660696 0.999339 -7.32156
0.00181283 0.998187 -6.31105
5.87224e-05 0.999941 -9.74263
9.12947e-05 0.999909 -9.30133
0.000501855 0.999498 -7.5967
0.000171561 0.999828 -8.6704
0.00180089 0.998199 -6.31767
0.000322113 0.999678 -8.04029
0.000231892 0.999768 -8.36901
0.000207679 0.999792 -8.47931
8.00539e-05 0.99992 -9.43273
0.000262367 0.999738 -8.2455
0.28996 0.71004 -0.895577
0.000449171 0.999551 -7.70766
0.000599628 0.9994 -7.4186
0.000492498 0.999508 -7.61553
0.648805 0.351195 0.613791
0.0210842 0.978916 -3.83792
0.0985939 0.901406 -2.21295
0.000891241 0.999109 -7.022
0.0765875 0.923413 -2.48964
0.000820964 0.999179 -7.10421
0.0324871 0.967513 -3.39389
6.42874e-05 0.999936 -9.65208
0.00729819 0.992702 -4.9128
0.000185901 0.999814 -8.59011
0.00101663 0.998983 -6.89024
0.0399941 0.960006 -3.17821
0.00794908 0.992051 -4.82672
0.00227221 0.997728 -6.08473
0.00360744 0.996393 -5.62114
0.00160038 0.9984 -6.43591
0.00119715 0.998803 -6.72662
0.000422097 0.999578 -7.76985
0.00102425 0.998976 -6.88277
0.000312867 0.999687 -8.06942
0.00172343 0.998277 -6.36171
0.0010362 0.998964 -6.87116
0.00148808 0.998512 -6.50878
0.000221851 0.999778 -8.41328
0.00011227 0.999888 -9.09449
0.000364063 0.999636 -7.91782
0.0112316 0.988768 -4.47773
0.00206891 0.997931 -6.17866
0.00337413 0.996626 -5.68824
0.00481995 0.99518 -5.33016
0.000559853 0.99944 -7.48728
0.00148002 0.99852 -6.51422
0.000775616 0.999224 -7.16108
0.00192009 0.99808 -6.25346
0.00180918 0.998191 -6.31307
0.000914099 0.999086 -6.99666
0.0041141 0.995886 -5.48921
0.00127478 0.998725 -6.6637
0.00166185 0.998338 -6.39816
0.000379403 0.999621 -7.87653
0.000162319 0.999838 -8.72578
0.000104234 0.999896 -9.16877
0.000200148 0.9998 -8.51625
0.000190175 0.99981 -8.56738
0.000771901 0.999228 -7.16588
0.000307546 0.999692 -8.08658
3.35236e-05 0.999967 -10.3032
0.00286347 0.997136 -5.85285
0.000656611 0.999343 -7.32776
0.000752486 0.999248 -7.19138
1.77734e-05 0.999982 -10.9378
0.00011002 0.99989 -9.11474
0.973956 0.0260443 3.62157
0.000244534 0.999755 -8.31591
0.000298214 0.999702 -8.1174
0.00181948 0.998181 -6.30738
0.0017111 0.998289 -6.36891
0.00111447 0.998886 -6.79826
0.00165691 0.998343 -6.40114
0.00330433 0.996696 -5.70921
0.00194834 0.998052 -6.23883
0.000721143 0.999279 -7.23395
0.000681416 0.999319 -7.29066
0.00267282 0.997327 -5.92194
0.000640285 0.99936 -7.35296
0.00110829 0.998892 -6.80383
0.000861734 0.999138 -7.0557
0.000652834 0.999347 -7.33353
2.96975e-05 0.99997 -10.4244
0.00170047 0.9983 -6.37515
0.00398623 0.996014 -5.52092
7.6948e-05 0.999923 -9.4723
9.06896e-05 0.999909 -9.30798
5.20608e-05 0.999948 -9.86305
0.00110885 0.998891 -6.80332
0.000207841 0.999792 -8.47853
7.79077e-05 0.999922 -9.45991
0.000145815 0.999854 -8.83302
9.47256e-05 0.999905 -9.26443
0.000486073 0.999514 -7.62867
0.000231705 0.999768 -8.36981
0.00042005 0.99958 -7.77472
0.000624023 0.999376 -7.3787
0.000479968 0.99952 -7.64131
0.000771258 0.999229 -7.16672
0.000125335 0.999875 -8.98439
0.000327158 0.999673 -8.02474
0.00027195 0.999728 -8.20962
0.000358181 0.999642 -7.93411
0.000507483 0.999493 -7.58554
0.00018644 0.999814 -8.58722
0.000176572 0.999824 -8.6416
0.000243171 0.999757 -8.3215
0.000425682 0.999574 -7.76139
0.00178045 0.99822 -6.3291
0.000799273 0.999201 -7.13101
0.0262517 0.973748 -3.61342
0.00346424 0.996536 -5.66179
0.0108493 0.989151 -4.51274
0.00588933 0.994111 -5.12871
0.134869 0.865131 -1.85858
0.129253 0.870747 -1.90758
0.00214459 0.997855 -6.14266
0.000162845 0.999837 -8.72255
0.000289407 0.999711 -8.14739
0.00397185 0.996028 -5.52454
0.000556381 0.999444 -7.4935
0.000136367 0.999864 -8.90002
0.000273667 0.999726 -8.20333
0.000208454 0.999792 -8.47558
0.000511843 0.999488 -7.57698
0.000465749 0.999534 -7.6714
0.00018031 0.99982 -8.62065
0.000188321 0.999812 -8.57717
0.000241514 0.999759 -8.32834
0.000170308 0.99983 -8.67773
0.00572101 0.994279 -5.15787
0.000782944 0.999217 -7.15167
0.00342504 0.996575 -5.67321
0.00494276 0.995057 -5.30488
0.0213456 0.978654 -3.82534
0.00561404 0.994386 -5.17685
0.00170563 0.998294 -6.37212
0.000933362 0.999067 -6.97578
0.00864627 0.991354 -4.74194
0.000827462 0.999173 -7.09632
0.00289694 0.997103 -5.8412
0.00208274 0.997917 -6.17199
0.000729262 0.999271 -7.22275
0.000652924 0.999347 -7.3334
0.000303558 0.999696 -8.09963
0.00172878 0.998271 -6.35861
0.000192415 0.999808 -8.55566
5.5085e-05 0.999945 -9.80658
0.00220911 0.997791 -6.11295
0.00147116 0.998529 -6.52023
0.000168762 0.999831 -8.68685
0.00333244 0.996668 -5.70071
0.000115781 0.999884 -9.06369
0.000879015 0.999121 -7.03583
0.000563176 0.999437 -7.48136
6.01998e-05 0.99994 -9.71778
0.000596751 0.999403 -7.42341
0.000276392 0.999724 -8.19341
0.000226391 0.999774 -8.39302
0.000326881 0.999673 -8.02559
0.00638187 0.993618 -5.04789
0.0559713 0.944029 -2.82532
0.000204777 0.999795 -8.49338
0.000809241 0.999191 -7.1186
0.00659432 0.993406 -5.01493
0.11496 0.88504 -2.04105
0.00238988 0.99761 -6.03412
0.0458849 0.954115 -3.03465
0.0172004 0.9828 -4.04547
0.00186168 0.998138 -6.28441
0.0197984 0.980202 -3.90216
0.00828113 0.991719 -4.78546
4.28884e-05 0.999957 -10.0569
0.0013352 0.998665 -6.61734
0.00216003 0.99784 -6.13547
0.000477634 0.999522 -7.64619
0.0215772 0.978423 -3.8143
0.00245061 0.997549 -6.00897
0.0460815 0.953919 -3.03017
0.00793265 0.992067 -4.8288
0.00123459 0.998765 -6.69578
0.00115313 0.998847 -6.76412
0.000904787 0.999095 -7.00691
0.222901 0.777099 -1.24884
0.000946433 0.999054 -6.96186
0.000736668 0.999263 -7.21264
0.000683727 0.999316 -7.28727
0.00139064 0.998609 -6.5766
0.000594682 0.999405 -7.42689
0.0012386 0.998761 -6.69254
0.000208534 0.999791 -8.4752
0.000582376 0.999418 -7.44781
0.000277988 0.999722 -8.18766
0.000699335 0.999301 -7.26468
0.000664433 0.999336 -7.31591
0.000165087 0.999835 -8.70888
0.000564402 0.999436 -7.47918
1.98114e-05 0.99998 -10.8292
0.000123728 0.999876 -8.9973
0.000371656 0.999628 -7.89717
0.000714139 0.999286 -7.24372
0.000211176 0.999789 -8.46261
0.00076727 0.999233 -7.1719
0.000201246 0.999799 -8.51078
0.000362787 0.999637 -7.92133
0.000297108 0.999703 -8.12112
0.000349952 0.99965 -7.95736
0.000296514 0.999703 -8.12312
0.00161845 0.998381 -6.42467
0.00401141 0.995989 -5.51459
0.000790768 0.999209 -7.14172
0.000153464 0.999846 -8.78189
8.72382e-06 0.999991 -11.6494
4.60937e-05 0.999954 -9.98479
4.56367e-05 0.999954 -9.99475
0.00018589 0.999814 -8.59017
1.13744e-05 0.999989 -11.3841
0.000363687 0.999636 -7.91885
1.5244e-05 0.999985 -11.0913
1.41916e-05 0.999986 -11.1628
0.000186551 0.999813 -8.58662
0.000113118 0.999887 -9.08697
1.32719e-05 0.999987 -11.2299
4.12965e-05 0.999959 -10.0947
5.44269e-05 0.999946 -9.8186
4.61474e-05 0.999954 -9.98362
1.95698e-05 0.99998 -10.8415
0.00033063 0.999669 -8.01418
0.140976 0.859024 -1.80721
0.00673284 0.993267 -4.994
0.0107565 0.989244 -4.52143
0.000139905 0.99986 -8.87441
0.00408391 0.995916 -5.49661
0.000751792 0.999248 -7.1923
0.000669595 0.99933 -7.30817
0.000744089 0.999256 -7.20261
0.00491936 0.995081 -5.30965
0.0238016 0.976198 -3.71391
0.0345654 0.965435 -3.32972
0.000285782 0.999714 -8.16
1.63016e-05 0.999984 -11.0242
0.000256694 0.999743 -8.26737
0.000105066 0.999895 -9.16082
9.9264e-05 0.999901 -9.21763
7.5314e-05 0.999925 -9.49377
8.02648e-05 0.99992 -9.4301
4.62028e-05 0.999954 -9.98242
9.19492e-05 0.999908 -9.29418
4.93287e-05 0.999951 -9.91695
0.000104835 0.999895 -9.16302
0.000581876 0.999418 -7.44867
0.000194725 0.999805 -8.54373
6.26299e-05 0.999937 -9.6782
0.00025256 0.999747 -8.28361
0.000143848 0.999856 -8.84661
0.000385363 0.999615 -7.86094
0.0017479 0.998252 -6.34759
0.000206018 0.999794 -8.48734
0.000177966 0.999822 -8.63374
0.0272858 0.972714 -3.57373
0.000796819 0.999203 -7.13409
0.00103338 0.998967 -6.87388
0.00495381 0.995046 -5.30263
0.00290757 0.997092 -5.83753
0.00786912 0.992131 -4.83691
0.00011935 0.999881 -9.03333
0.0157937 0.984206 -4.13222
0.000278789 0.999721 -8.18478
0.000521123 0.999479 -7.559
0.00018168 0.999818 -8.61308
0.000202287 0.999798 -8.50562
0.000553714 0.999446 -7.49831
0.000247998 0.999752 -8.30184
0.000154535 0.999845 -8.77494
0.000218486 0.999782 -8.42857
0.000761635 0.999238 -7.17928
0.00035676 0.999643 -7.93809
0.000324607 0.999675 -8.03257
0.0019928 0.998007 -6.21622
3.80825e-05 0.999962 -10.1757
6.90186e-05 0.999931 -9.58107
0.000129138 0.999871 -8.9545
5.69788e-05 0.999943 -9.77277
0.000584234 0.999416 -7.44462
6.14293e-05 0.999939 -9.69756
3.27206e-05 0.999967 -10.3275
0.00013258 0.999867 -8.92819
4.42526e-05 0.999956 -10.0256
7.47658e-05 0.999925 -9.50107
0.000698514 0.999301 -7.26586
0.00383177 0.996168 -5.56059
4.72986e-05 0.999953 -9.95898
8.28314e-05 0.999917 -9.39862
6.37084e-05 0.999936 -9.66113
4.74158e-05 0.999953 -9.95651
0.00304391 0.996956 -5.79156
2.69858e-05 0.999973 -10.5202
0.000643741 0.999356 -7.34757
1.58808e-05 0.999984 -11.0504
3.87025e-06 0.999996 -12.4622
0.000223995 0.999776 -8.40366
0.000324536 0.999676 -8.03279
0.000136064 0.999864 -8.90225
8.93605e-05 0.999911 -9.32274
0.000119378 0.999881 -9.03309
7.39627e-05 0.999926 -9.51188
0.000200446 0.9998 -8.51476
1.90131e-05 0.999981 -10.8704
2.60236e-05 0.999974 -10.5565
9.21463e-05 0.999908 -9.29204
7.08972e-05 0.999929 -9.55421
8.38651e-05 0.999916 -9.38622
0.000125799 0.999874 -8.9807
0.000517069 0.999483 -7.56682
0.000219049 0.999781 -8.426
0.000541755 0.999458 -7.52015
0.00013439 0.999866 -8.91463
0.000749683 0.99925 -7.19511
4.34809e-05 0.999956 -10.0431
0.000164718 0.999835 -8.71111
9.24178e-05 0.999908 -9.2891
0.00699506 0.993005 -4.95553
0.00396514 0.996035 -5.52624
0.00223875 0.997761 -6.0996
0.000610235 0.99939 -7.40106
0.000684142 0.999316 -7.28666
6.79962e-05 0.999932 -9.59599
0.00180593 0.998194 -6.31487
0.00320691 0.996793 -5.73923
0.00175392 0.998246 -6.34414
0.000268388 0.999732 -8.22281
0.0420232 0.957977 -3.1266
0.195484 0.804516 -1.41477
0.0302135 0.969787 -3.46879
0.0039136 0.996086 -5.53938
0.082441 0.917559 -2.40963
0.150798 0.849202 -1.72836
0.0031305 0.99687 -5.76343
0.00107726 0.998923 -6.83225
0.020049 0.979951 -3.88933
0.0242519 0.975748 -3.69471
0.000398401 0.999602 -7.82765
0.00878673 0.991213 -4.72569
0.00239048 0.997609 -6.03387
0.000577719 0.999422 -7.45584
0.00125147 0.998749 -6.68218
0.00195797 0.998042 -6.23389
0.00592187 0.994078 -5.12316
0.000307845 0.999692 -8.0856
0.000266294 0.999734 -8.23064
0.0014512 0.998549 -6.53391
0.000169494 0.99983 -8.68253
0.000148972 0.999851 -8.8116
0.000117998 0.999882 -9.04472
0.000149727 0.99985 -8.80655
0.000194321 0.999806 -8.54581
0.000126456 0.999874 -8.97549
0.000795252 0.999205 -7.13606
0.000154688 0.999845 -8.77395
0.000174403 0.999826 -8.65397
0.000542478 0.999458 -7.51882
4.58261e-05 0.999954 -9.99061
4.79368e-05 0.999952 -9.94558
0.00015358 0.999846 -8.78114
0.000155759 0.999844 -8.76704
6.98423e-05 0.99993 -9.5692
0.00016928 0.999831 -8.68379
0.000334753 0.999665 -8.00178
0.000246531 0.999753 -8.30778
0.000210008 0.99979 -8.46815
0.000300361 0.9997 -8.11022
0.000149952 0.99985 -8.80505
0.000119318 0.999881 -9.0336
1.57354e-05 0.999984 -11.0596
0.00229815 0.997702 -6.07335
8.16794e-05 0.999918 -9.41263
0.0001001 0.9999 -9.20924
0.00401631 0.995984 -5.51337
2.48122e-05 0.999975 -10.6042
0.000327763 0.999672 -8.02289
0.000822852 0.999177 -7.10191
0.000559105 0.999441 -7.48861
0.00133123 0.998669 -6.62032
0.0011253 0.998875 -6.78858
0.0038498 0.99615 -5.55588
0.000569202 0.999431 -7.47071
0.00162828 0.998372 -6.4186
0.00228181 0.997718 -6.0805
0.000837673 0.999162 -7.08404
0.000790139 0.99921 -7.14251
0.000655909 0.999344 -7.32883
0.000400209 0.9996 -7.82312
0.000615946 0.999384 -7.39174
0.000572611 0.999427 -7.46473
0.00147969 0.99852 -6.51444
0.000985763 0.999014 -6.92111
0.000354825 0.999645 -7.94353
0.0008351 0.999165 -7.08712
0.00031944 0.999681 -8.04862
0.00209887 0.997901 -6.16425
0.000457827 0.999542 -7.68856
0.00125656 0.998743 -6.67812
0.000191105 0.999809 -8.5625
0.000204152 0.999796 -8.49644
0.00112761 0.998872 -6.78653
0.00085378 0.999146 -7.06498
0.000197667 0.999802 -8.52873
6.05417e-05 0.999939 -9.71212
0.000565924 0.999434 -7.47649
0.000617327 0.999383 -7.38949
0.00533499 0.994665 -5.22812
0.0035213 0.996479 -5.6454
0.00581245 0.994188 -5.14192
0.000668855 0.999331 -7.30927
0.00055707 0.999443 -7.49226
0.00128781 0.998712 -6.65353
0.00156658 0.998433 -6.45729
0.000240454 0.999759 -8.33274
0.00300417 0.996996 -5.80475
0.00842056 0.991579 -4.76862
0.000820057 0.99918 -7.10532
0.000741142 0.999259 -7.20658
0.00227901 0.997721 -6.08173
0.00243704 0.997563 -6.01453
0.000857006 0.999143 -7.06121
0.00269779 0.997302 -5.91262
0.0045248 0.995475 -5.39365
0.0013062 0.998694 -6.63933
0.00139542 0.998605 -6.57316
0.00114554 0.998854 -6.77073
0.00112285 0.998877 -6.79076
1.35104e-05 0.999987 -11.212
0.000154762 0.999845 -8.77347
0.000254682 0.999745 -8.27524
0.000207268 0.999793 -8.48129
0.000134563 0.999865 -8.91334
0.000295661 0.999704 -8.126
0.00114814 0.998852 -6.76846
7.43846e-05 0.999926 -9.50619
4.32203e-05 0.999957 -10.0492
9.77341e-05 0.999902 -9.23316
9.76024e-05 0.999902 -9.23451
0.000523373 0.999477 -7.55469
0.000100702 0.999899 -9.20324
0.000179867 0.99982 -8.62312
0.000671356 0.999329 -7.30554
0.000829924 0.99917 -7.09335
0.000495193 0.999505 -7.61007
0.000511837 0.999488 -7.57699
0.00162936 0.998371 -6.41794
0.000142467 0.999858 -8.85625
2.1973e-05 0.999978 -10.7257
0.00065701 0.999343 -7.32715
0.000165215 0.999835 -8.7081
0.000184258 0.999816 -8.59899
0.0013646 0.998635 -6.59553
0.00146746 0.998533 -6.52276
0.000114456 0.999886 -9.0752
0.000250964 0.999749 -8.28995
0.000253567 0.999746 -8.27963
0.000907558 0.999092 -7.00385
0.000153219 0.999847 -8.78349
5.78084e-05 0.999942 -9.75832
5.13755e-05 0.999949 -9.8763
0.00357997 0.99642 -5.62881
0.000149958 0.99985 -8.805
2.25571e-05 0.999977 -10.6994
0.000752197 0.999248 -7.19176
0.000108732 0.999891 -9.12651
0.000102516 0.999897 -9.18538
0.000581468 0.999418 -7.44937
5.58976e-05 0.999944 -9.79193
6.88209e-05 0.999931 -9.58393
0.000221866 0.999778 -8.41321
0.000141442 0.999858 -8.86348
0.000331778 0.999668 -8.01071
0.000253108 0.999747 -8.28144
5.5219e-05 0.999945 -9.80415
0.000137757 0.999862 -8.88988
3.74306e-05 0.999963 -10.193
0.000199029 0.999801 -8.52186
0.000192076 0.999808 -8.55743
0.000115571 0.999884 -9.06551
0.000722425 0.999278 -7.23217
0.000281948 0.999718 -8.17351
8.47713e-05 0.999915 -9.37547
0.000502535 0.999497 -7.59534
0.00148016 0.99852 -6.51412
0.000461732 0.999538 -7.68006
0.00045705 0.999543 -7.69026
0.000150219 0.99985 -8.80326
0.000214302 0.999786 -8.44791
0.000261705 0.999738 -8.24803
0.000309598 0.99969 -8.07993
0.000287424 0.999713 -8.15426
0.000905613 0.999094 -7.00599
0.0003621 0.999638 -7.92323
0.000196526 0.999803 -8.53452
0.000132305 0.999868 -8.93027
0.000802485 0.999198 -7.12699
0.000428135 0.999572 -7.75564
0.0140445 0.985955 -4.25138
0.016098 0.983902 -4.11283
0.00140654 0.998593 -6.56521
0.0294999 0.9705 -3.49342
0.00702701 0.992973 -4.95094
0.00084106 0.999159 -7.08001
0.00128581 0.998714 -6.65508
0.0182908 0.981709 -3.98289
0.000190841 0.999809 -8.56388
0.00534783 0.994652 -5.2257
0.000258024 0.999742 -8.2622
0.000482893 0.999517 -7.63523
0.000559425 0.999441 -7.48804
0.00145525 0.998545 -6.53112
0.00192751 0.998073 -6.2496
5.10693e-05 0.999949 -9.88228
0.000148091 0.999852 -8.81753
0.00012757 0.999872 -8.96672
0.000227632 0.999772 -8.38755
0.00017989 0.99982 -8.62299
1.91054e-05 0.999981 -10.8655
0.00036502 0.999635 -7.91519
0.000121091 0.999879 -9.01885
3.94149e-05 0.999961 -10.1413
1.50315e-05 0.999985 -11.1054
0.000714139 0.999286 -7.24372
1.12596e-05 0.999989 -11.3943
5.63886e-05 0.999944 -9.78319
6.21151e-05 0.999938 -9.68646
3.07066e-05 0.999969 -10.391
0.00367831 0.996322 -5.60162
0.00642898 0.993571 -5.04049
0.00579126 0.994209 -5.1456
0.00119231 0.998808 -6.73067
0.00324518 0.996755 -5.72734
0.00355671 0.996443 -5.63535
0.00378892 0.996211 -5.57188
0.0188894 0.981111 -3.95009
0.000236997 0.999763 -8.34723
4.26281e-05 0.999957 -10.063
0.000133848 0.999866 -8.91867
0.00039473 0.999605 -7.83691
0.000313953 0.999686 -8.06595
0.000189452 0.999811 -8.57119
0.000585918 0.999414 -7.44175
0.000288793 0.999711 -8.14951
0.000216697 0.999783 -8.43679
7.21888e-05 0.999928 -9.53615
0.000375439 0.999624 -7.88704
0.00432196 0.995678 -5.43971
7.36934e-05 0.999926 -9.51552
5.67222e-05 0.999943 -9.77729
7.57879e-05 0.999924 -9.4875
0.000162983 0.999837 -8.7217
6.51874e-05 0.999935 -9.63818
0.00022632 0.999774 -8.39333
0.000194808 0.999805 -8.5433
0.000721931 0.999278 -7.23286
0.000374038 0.999626 -7.89078
0.000798237 0.999202 -7.13231
0.000109602 0.99989 -9.11854
0.000200013 0.9998 -8.51693
1.36218e-05 0.999986 -11.2038
0.000150158 0.99985 -8.80367
0.000102238 0.999898 -9.18811
4.67544e-05 0.999953 -9.97056
0.000106696 0.999893 -9.14542
9.08861e-05 0.999909 -9.30581
0.000104121 0.999896 -9.16986
0.000100443 0.9999 -9.20582
0.00161947 0.998381 -6.42404
0.000498249 0.999502 -7.60391
0.000451741 0.999548 -7.70195
0.000242324 0.999758 -8.32499
0.000118533 0.999882 -9.0402
8.79265e-05 0.999912 -9.33892
0.000172781 0.999827 -8.66331
0.000181357 0.999819 -8.61486
0.000140312 0.99986 -8.8715
0.000350915 0.999649 -7.95461
2.20308e-05 0.999978 -10.723
0.000377357 0.999623 -7.88194
6.7226e-05 0.999933 -9.60738
0.000100842 0.999899 -9.20186
3.73709e-05 0.999963 -10.1946
8.13711e-05 0.999919 -9.41641
0.00131677 0.998683 -6.63126
0.000132416 0.999868 -8.92943
0.000393292 0.999607 -7.84056
0.000374712 0.999625 -7.88898
0.000272053 0.999728 -8.20924
0.000622084 0.999378 -7.38181
0.000119452 0.999881 -9.03248
1.08524e-05 0.999989 -11.4311
0.00013147 0.999869 -8.9366
0.000119198 0.999881 -9.03461
1.70507e-05 0.999983 -10.9793
9.37917e-05 0.999906 -9.27434
2.31146e-05 0.999977 -10.675
0.000109397 0.999891 -9.12042
0.00165646 0.998344 -6.40141
0.0243805 0.97562 -3.68929
0.0164187 0.983581 -4.09278
0.00242692 0.997573 -6.0187
0.0183244 0.981676 -3.98103
0.00138668 0.998613 -6.57946
0.000315574 0.999684 -8.0608
0.00123218 0.998768 -6.69774
0.000747543 0.999252 -7.19797
0.0323538 0.967646 -3.39814
0.0010358 0.998964 -6.87154
0.000470828 0.999529 -7.66055
0.000603666 0.999396 -7.41189
0.0153101 0.98469 -4.16381
0.0455394 0.954461 -3.04257
0.00512844 0.994872 -5.26781
0.00683064 0.993169 -4.97948
0.0196484 0.980352 -3.90991
0.376494 0.623506 -0.504458
0.188918 0.811082 -1.45705
0.000515165 0.999485 -7.57051
0.000279603 0.99972 -8.18186
0.000969367 0.999031 -6.9379
0.00349002 0.99651 -5.65435
0.0008605 0.999139 -7.05714
0.0032158 0.996784 -5.73646
0.00293534 0.997065 -5.82799
0.000844061 0.999156 -7.07644
0.000499022 0.999501 -7.60236
0.000403264 0.999597 -7.81552
0.000491188 0.999509 -7.61819
0.000663797 0.999336 -7.31687
0.000486031 0.999514 -7.62875
7.04394e-05 0.99993 -9.56069
0.000748532 0.999251 -7.19665
0.000270951 0.999729 -8.2133
0.000146036 0.999854 -8.83151
4.14331e-05 0.999959 -10.0914
3.77735e-05 0.999962 -10.1839
5.70311e-05 0.999943 -9.77186
3.19983e-05 0.999968 -10.3498
2.13776e-05 0.999979 -10.7531
3.52336e-05 0.999965 -10.2535
3.02171e-05 0.99997 -10.4071
3.59805e-05 0.999964 -10.2325
0.000360628 0.999639 -7.9273
7.47869e-05 0.999925 -9.50079
3.58336e-05 0.999964 -10.2366
1.21259e-05 0.999988 -11.3202
6.64291e-05 0.999934 -9.61931
0.00385956 0.99614 -5.55333
0.00661088 0.993389 -5.01241
0.00971817 0.990282 -4.62399
0.0155415 0.984458 -4.14858
0.00154025 0.99846 -6.47427
0.000391671 0.999608 -7.8447
0.138916 0.861084 -1.82432
0.0126802 0.98732 -4.35495
0.0018007 0.998199 -6.31778
0.0655477 0.934452 -2.65718
0.000147071 0.999853 -8.82445
0.00104583 0.998954 -6.8619
0.00030268 0.999697 -8.10253
0.000112699 0.999887 -9.09067
0.00015752 0.999842 -8.7558
2.29448e-05 0.999977 -10.6824
9.50996e-05 0.999905 -9.26049
0.000296482 0.999703 -8.12323
0.000411096 0.999589 -7.79627
0.000493681 0.999506 -7.61313
0.000143201 0.999857 -8.85112
0.00080148 0.999198 -7.12825
0.000157535 0.999842 -8.7557
0.00273564 0.997264 -5.89865
0.00162036 0.99838 -6.42348
0.000909613 0.99909 -7.00158
0.000898672 0.999101 -7.01369
0.000277213 0.999723 -8.19045
0.00966551 0.990334 -4.62948
0.0015201 0.99848 -6.48746
0.000387389 0.999613 -7.85569
0.000111181 0.999889 -9.10424
0.000100558 0.999899 -9.20468
1.1046e-05 0.999989 -11.4134
4.32397e-05 0.999957 -10.0487
0.000141082 0.999859 -8.86603
6.9835e-06 0.999993 -11.872
3.0756e-06 0.999997 -12.692
4.63889e-05 0.999954 -9.9784
8.87951e-05 0.999911 -9.32909
0.000137839 0.999862 -8.88929
4.31425e-05 0.999957 -10.051
4.50101e-05 0.999955 -10.0086
8.54122e-06 0.999991 -11.6706
0.000114778 0.999885 -9.0724
0.00155061 0.998449 -6.46755
0.000256956 0.999743 -8.26635
4.46751e-05 0.999955 -10.016
0.00042155 0.999578 -7.77115
0.000281136 0.999719 -8.17639
0.00013914 0.999861 -8.87989
2.35391e-05 0.999977 -10.6568
2.68336e-05 0.999973 -10.5258
2.5485e-05 0.999974 -10.5774
6.52264e-05 0.999935 -9.63758
1.98487e-05 0.99998 -10.8274
0.000138507 0.999861 -8.88445
6.00234e-05 0.99994 -9.72072
8.38003e-05 0.999916 -9.38699
0.000147748 0.999852 -8.81985
0.00248689 0.997513 -5.99423
0.000880848 0.999119 -7.03374
0.00739354 0.992607 -4.89973
0.999998 1.80102e-06 13.2272
0.00305383 0.996946 -5.7883
0.000520019 0.99948 -7.56113
0.0581614 0.941839 -2.78461
0.00110364 0.998896 -6.80804
0.000362663 0.999637 -7.92167
0.0382825 0.961717 -3.22373
0.000307535 0.999692 -8.08661
9.06379e-05 0.999909 -9.30855
3.74637e-05 0.999963 -10.1921
4.58688e-05 0.999954 -9.98968
0.00105938 0.998941 -6.84901
9.10606e-05 0.999909 -9.30389
0.000359719 0.99964 -7.92983
0.000359555 0.99964 -7.93028
0.000358631 0.999641 -7.93286
0.000197216 0.999803 -8.53101
0.000100572 0.999899 -9.20454
0.00343874 0.996561 -5.6692
0.000919242 0.999081 -6.99104
0.000967517 0.999032 -6.93981
0.000293271 0.999707 -8.13412
0.998383 0.0016166 6.42581
0.000973837 0.999026 -6.93329
0.0030191 0.996981 -5.79977
8.73318e-05 0.999913 -9.34571
0.000477753 0.999522 -7.64594
