0 0.999606 0.000393718 7.83948
1 0.998261 0.00173903 6.35269
2 0.999865 0.000135052 8.90972
3 0.997186 0.00281445 5.87017
4 0.999346 0.000653539 7.33245
5 0.99927 0.000729632 7.22224
6 0.993516 0.00648415 5.03189
7 0.99779 0.00220973 6.11267
8 0.999441 0.000558659 7.48941
9 0.995694 0.00430576 5.44349
10 0.999931 6.93963e-05 9.57561
11 0.999731 0.000269353 8.21922
12 0.999825 0.000174771 8.65186
13 0.999231 0.000768648 7.17011
14 0.997855 0.00214448 6.14271
15 0.999864 0.000135581 8.90581
16 0.999328 0.000671783 7.3049
17 0.993398 0.00660245 5.01369
18 0.999844 0.000156416 8.76283
19 0.999964 3.56954e-05 10.2405
20 0.99953 0.000470359 7.66154
21 0.999599 0.00040119 7.82067
22 0.999838 0.000162232 8.72632
23 0.999889 0.000110495 9.11043
24 0.999972 2.77971e-05 10.4906
25 0.999899 0.000100757 9.2027
26 0.999738 0.000262091 8.24656
27 0.999989 1.14634e-05 11.3763
28 0.999991 8.99179e-06 11.6192
29 0.999993 6.93477e-06 11.879
30 0.999633 0.000367049 7.90965
31 0.99997 2.97383e-05 10.423
32 0.999853 0.000146487 8.82842
33 0.999998 1.64143e-06 13.3199
34 0.999998 2.21954e-06 13.0182
35 0.999989 1.06483e-05 11.4501
36 0.999995 4.8096e-06 12.2449
37 0.999989 1.08973e-05 11.427
38 0.999998 2.326e-06 12.9714
39 0.999996 3.62893e-06 12.5266
40 0.99995 4.95954e-05 9.91156
41 0.99997 2.95897e-05 10.4281
42 0.999984 1.56618e-05 11.0643
43 0.999676 0.000324407 8.03319
44 0.999997 2.4785e-06 12.9079
45 0.999991 8.63884e-06 11.6592
46 0.999991 8.89167e-06 11.6304
47 0.999997 2.93821e-06 12.7377
48 0.999995 4.98328e-06 12.2094
49 0.999988 1.17611e-05 11.3507
50 1.0 2.18853e-07 15.3349
51 0.999985 1.53743e-05 11.0828
52 0.999988 1.19943e-05 11.3311
53 0.999977 2.32923e-05 10.6674
54 0.999969 3.0477e-05 10.3985
55 0.999997 2.89434e-06 12.7528
56 0.999949 5.13464e-05 9.87686
57 0.999899 0.000100606 9.20419
58 0.999939 6.05344e-05 9.71224
59 0.99977 0.000230212 8.37628
60 0.999967 3.26543e-05 10.3295
61 0.999939 6.08823e-05 9.70651
62 0.999997 3.34123e-06 12.6092
63 0.99999 1.02423e-05 11.489
64 1.0 1.52039e-07 15.6991
65 1.0 1.8749e-07 15.4895
66 0.999994 5.76625e-06 12.0635
67 1.0 5.29305e-07 14.4517
68 0.999995 5.11018e-06 12.1843
69 0.999929 7.12464e-05 9.54929
70 0.999937 6.31376e-05 9.67013
71 0.999991 8.79914e-06 11.6408
72 0.999831 0.000168767 8.68682
73 0.999456 0.000543738 7.5165
74 0.999941 5.9271e-05 9.73333
75 0.999673 0.000326861 8.02565
76 0.999892 0.00010797 9.13355
77 0.999824 0.000176221 8.64359
78 0.998268 0.00173212 6.35667
79 0.998549 0.00145072 6.53424
80 0.999323 0.000677151 7.29694
81 0.999456 0.000543522 7.5169
82 0.999721 0.000279248 8.18313
83 0.999897 0.00010256 9.18496
84 0.99995 5.03858e-05 9.89575
85 0.999774 0.000225931 8.39505
86 0.999969 3.14632e-05 10.3667
87 0.999979 2.11035e-05 10.7661
88 0.999868 0.000132067 8.93207
89 0.999914 8.57823e-05 9.36361
90 0.999755 0.000245413 8.31232
91 0.999572 0.000428411 7.755
92 0.999839 0.000161129 8.73314
93 0.999627 0.000373426 7.89242
94 0.999224 0.000775805 7.16083
95 0.999966 3.40134e-05 10.2887
96 0.999975 2.4767e-05 10.606
97 0.999999 9.62413e-07 13.8538
98 0.999998 1.59228e-06 13.3503
99 0.999999 1.17092e-06 13.6577
100 0.999942 5.79225e-05 9.75635
101 1.0 5.31131e-07 14.4483
102 0.999999 1.08312e-06 13.7357
103 0.999999 1.17169e-06 13.6571
104 0.999999 1.12465e-06 13.698
105 0.999993 6.84989e-06 11.8913
106 0.999999 6.72099e-07 14.2129
107 0.999897 0.00010301 9.18058
108 0.997296 0.00270385 5.91037
109 0.963762 0.0362378 3.28074
110 0.999185 0.0008146 7.112
111 0.989411 0.0105887 4.53732
112 0.99692 0.00308033 5.77963
113 0.963006 0.0369939 3.25931
114 0.997551 0.00244893 6.00965
115 0.997642 0.00235774 6.04769
116 0.996957 0.00304266 5.79198
117 0.999918 8.20753e-05 9.40779
118 0.999997 2.89647e-06 12.752
119 0.99972 0.000279807 8.18113
120 0.99922 0.000780503 7.15479
121 0.998853 0.00114687 6.76957
122 0.999883 0.000116844 9.05455
123 0.99906 0.000940324 6.96835
124 0.999897 0.000102743 9.18317
125 0.999825 0.000175034 8.65036
126 0.999826 0.000173627 8.65843
127 0.999946 5.3666e-05 9.83268
128 0.99985 0.000149626 8.80722
129 0.999967 3.35305e-05 10.303
130 0.999946 5.4036e-05 9.82581
131 0.999998 1.80656e-06 13.2241
132 0.99998 2.01583e-05 10.8119
133 0.999998 2.19628e-06 13.0287
134 0.999531 0.000469391 7.66361
135 0.999986 1.36188e-05 11.204
136 0.999992 8.06788e-06 11.7276
137 0.999993 7.10365e-06 11.8549
138 0.999996 4.13533e-06 12.3959
139 0.999993 6.8277e-06 11.8945
140 0.999938 6.15572e-05 9.69548
141 0.999866 0.000133544 8.92095
142 0.99994 6.00101e-05 9.72094
143 0.999932 6.78424e-05 9.59826
144 0.999982 1.75392e-05 10.9511
145 0.994335 0.00566505 5.16776
146 0.999788 0.000212163 8.45794
147 0.999987 1.33408e-05 11.2247
148 0.999467 0.000532539 7.53732
149 0.999609 0.000391435 7.8453
150 0.999266 0.000733792 7.21655
151 0.999946 5.43892e-05 9.81929
152 0.999968 3.20198e-05 10.3491
153 0.999912 8.77944e-05 9.34043
154 0.999772 0.000228021 8.38584
155 0.999938 6.25151e-05 9.68004
156 0.999969 3.10895e-05 10.3786
157 0.999992 7.63057e-06 11.7833
158 0.999984 1.5646e-05 11.0653
159 0.999931 6.93941e-05 9.57564
160 0.999974 2.56422e-05 10.5712
161 0.999999 8.82282e-07 13.9408
162 0.999997 2.47291e-06 12.9101
163 0.999804 0.000196006 8.53717
164 1.0 3.92518e-07 14.7507
165 0.999991 8.53247e-06 11.6716
166 0.999999 7.08229e-07 14.1605
167 1.0 5.14045e-07 14.481
168 0.994553 0.00544666 5.20729
169 0.99114 0.00886013 4.71729
170 0.979745 0.0202551 3.87889
171 0.972789 0.0272106 3.57656
172 0.910132 0.0898683 2.31524
173 0.996882 0.00311771 5.76754
174 0.997092 0.00290817 5.83732
175 0.97471 0.0252901 3.65173
176 0.997232 0.0027675 5.88704
177 0.955057 0.0449428 3.05638
178 0.999583 0.000417027 7.78194
179 0.999758 0.000241776 8.32726
180 0.999908 9.22944e-05 9.29043
181 0.999819 0.000181165 8.61592
182 0.999608 0.000392079 7.84366
183 0.999364 0.000635542 7.3604
184 0.999921 7.87356e-05 9.44934
185 0.999925 7.49125e-05 9.49911
186 0.999913 8.7483e-05 9.34398
187 0.999737 0.000263235 8.2422
188 0.999736 0.000264469 8.23752
189 0.999357 0.000642784 7.34906
190 0.998865 0.00113521 6.7798
191 0.999884 0.000115856 9.06304
192 0.999931 6.86747e-05 9.58606
193 0.994965 0.005035 5.28629
194 0.999773 0.000226871 8.3909
195 0.999333 0.000667012 7.31203
196 0.999487 0.000513469 7.57381
197 0.999315 0.000685166 7.28516
198 0.999776 0.000223772 8.40466
199 0.999547 0.00045294 7.6993
200 0.999841 0.000158594 8.74901
201 0.999593 0.000407398 7.80531
202 0.9999 0.000100538 9.20488
203 0.999936 6.38735e-05 9.65854
204 0.999872 0.000127842 8.96459
205 0.999853 0.000147017 8.82482
206 0.998558 0.00144163 6.54054
207 0.998588 0.00141179 6.56149
208 0.999993 7.40833e-06 11.8129
209 0.999922 7.80754e-05 9.45776
210 0.999986 1.40047e-05 11.1761
211 0.999982 1.80109e-05 10.9245
212 0.99999 9.88427e-06 11.5246
213 0.999976 2.40578e-05 10.635
214 0.999431 0.00056927 7.47059
215 0.999943 5.66173e-05 9.77914
216 0.999978 2.18401e-05 10.7317
217 0.999988 1.23507e-05 11.3018
218 0.99924 0.000759897 7.18157
219 0.999781 0.00021942 8.4243
220 0.999994 5.97646e-06 12.0277
221 0.999985 1.52625e-05 11.0901
222 0.999954 4.6215e-05 9.98216
223 0.999756 0.000244487 8.3161
224 0.999917 8.3005e-05 9.39653
225 0.99981 0.000190318 8.56662
226 0.999816 0.000183748 8.60176
227 0.999727 0.000272665 8.20699
228 0.998272 0.00172825 6.35891
229 0.998987 0.00101279 6.89403
230 0.99959 0.00041029 7.79823
231 0.998812 0.00118805 6.73425
232 0.99914 0.000860274 7.0574
233 0.999605 0.000395556 7.83482
234 0.99944 0.000559442 7.48801
235 0.999575 0.000425259 7.76239
236 0.998896 0.00110397 6.80774
237 0.999804 0.000196176 8.5363
238 0.999963 3.73523e-05 10.1951
239 0.998895 0.00110545 6.80639
240 0.997133 0.00286746 5.85146
241 0.998794 0.00120549 6.71967
242 0.9964 0.00359952 5.62335
243 0.999271 0.00072927 7.22274
244 0.999596 0.000404308 7.81293
245 0.999471 0.000528714 7.54453
246 0.997889 0.00211127 6.15835
247 0.99772 0.00228018 6.08122
248 0.949728 0.0502715 2.93874
249 0.98021 0.0197898 3.9026
258 0.999383 0.000616745 7.39044
259 0.998893 0.00110724 6.80477
260 0.998796 0.00120415 6.72078
261 0.999031 0.000968782 6.9385
262 0.99946 0.000539913 7.52356
263 0.999306 0.000693595 7.27293
264 0.999392 0.000607802 7.40505
265 0.999588 0.000411754 7.79467
266 0.999457 0.00054272 7.51837
267 0.999461 0.000539037 7.52519
268 0.99964 0.000360153 7.92862
269 0.99982 0.000179597 8.62461
270 0.999677 0.000323314 8.03656
271 0.999653 0.000347354 7.96482
272 0.998973 0.00102704 6.88004
273 0.999899 0.000100616 9.2041
274 0.99884 0.00116026 6.75795
275 0.999734 0.000266096 8.23139
276 0.99992 8.01248e-05 9.43185
277 0.9995 0.000500247 7.59991
278 0.999804 0.000195678 8.53884
279 0.999287 0.000712554 7.24594
280 0.998354 0.00164556 6.40802
281 0.998605 0.00139523 6.5733
282 0.998679 0.00132074 6.62824
283 0.999451 0.000549442 7.50606
284 0.996816 0.00318367 5.74653
285 0.998486 0.00151454 6.49113
286 0.996809 0.00319094 5.74424
287 0.9961 0.00390038 5.54277
288 0.999528 0.000472284 7.65746
289 0.998307 0.00169293 6.3796
290 0.998536 0.00146387 6.5252
291 0.998918 0.00108229 6.82759
292 0.998638 0.0013619 6.59751
293 0.999608 0.00039179 7.84439
294 0.998931 0.00106868 6.84027
295 0.998382 0.00161833 6.42474
296 0.999989 1.12239e-05 11.3975
297 0.999994 5.84814e-06 12.0494
298 0.999946 5.39877e-05 9.8267
299 0.999991 8.65823e-06 11.657
300 0.999721 0.000279345 8.18278
301 0.999776 0.000223534 8.40572
302 0.999994 6.46822e-06 11.9486
303 0.999972 2.81444e-05 10.4781
304 0.99998 2.00779e-05 10.8159
305 0.99961 0.000389798 7.84949
306 0.999847 0.000153395 8.78234
307 0.999997 3.3425e-06 12.6088
308 0.999924 7.63965e-05 9.4795
309 0.996317 0.00368289 5.60037
310 0.9999 9.99852e-05 9.21039
311 0.999938 6.2418e-05 9.68159
312 0.999751 0.000249466 8.29594
313 0.994822 0.0051782 5.25811
314 0.997968 0.00203195 6.19672
315 0.99947 0.000529957 7.54218
316 0.998192 0.00180794 6.31376
317 0.99993 7.03092e-05 9.56254
318 0.999789 0.000211121 8.46287
319 0.999608 0.000392069 7.84368
320 0.999546 0.000453911 7.69715
321 0.99967 0.000329693 8.01702
322 0.999702 0.000298047 8.11796
323 0.993724 0.00627577 5.06476
324 0.999506 0.000494504 7.61146
325 0.999192 0.000808 7.12014
326 0.991503 0.00849659 4.75956
327 0.999426 0.000573614 7.46298
328 0.999867 0.000133267 8.92302
329 0.999624 0.000375913 7.88578
330 0.999914 8.63817e-05 9.35665
331 0.99992 8.0362e-05 9.42889
332 0.999832 0.000168217 8.69009
333 0.999629 0.000371322 7.89807
334 0.999509 0.000490578 7.61944
335 0.999868 0.000132414 8.92945
336 0.999836 0.000164127 8.7147
337 0.999615 0.000384916 7.8621
338 0.997599 0.00240132 6.02933
339 0.996567 0.00343323 5.67081
340 0.998075 0.00192494 6.25093
341 0.985499 0.0145011 4.21892
342 0.994637 0.00536307 5.22284
343 0.989385 0.0106154 4.53478
344 0.998723 0.0012773 6.66173
345 0.997877 0.00212283 6.15288
346 0.991235 0.00876522 4.72816
347 0.990152 0.00984799 4.61059
348 0.999675 0.000324602 8.03259
349 0.999953 4.7412e-05 9.95659
350 0.999342 0.000658361 7.3251
351 0.999973 2.73886e-05 10.5054
352 0.999989 1.07267e-05 11.4428
353 0.999991 8.64051e-06 11.659
354 0.999962 3.81957e-05 10.1727
355 0.999849 0.00015101 8.79802
356 0.999998 1.63676e-06 13.3228
357 0.999991 8.65522e-06 11.6573
358 0.999324 0.000675901 7.29879
359 0.999334 0.00066584 7.3138
360 0.997034 0.00296641 5.81743
361 0.999358 0.000641764 7.35065
362 0.999841 0.000158943 8.74681
363 0.99748 0.00251979 5.98106
364 0.999809 0.00019104 8.56284
365 0.998066 0.00193452 6.24596
366 0.996572 0.0034284 5.67223
367 0.999614 0.000386418 7.8582
368 0.999695 0.00030499 8.09493
369 0.998406 0.00159363 6.44015
370 0.999974 2.57428e-05 10.5673
371 0.999621 0.000379291 7.87683
372 0.998883 0.00111702 6.79598
373 0.999977 2.25475e-05 10.6999
374 0.999881 0.000119416 9.03278
375 0.999908 9.19627e-05 9.29403
376 0.999901 9.91194e-05 9.21909
377 0.999664 0.000336071 7.99785
378 0.961373 0.0386274 3.2144
379 0.92312 0.0768805 2.48551
381 0.905999 0.0940006 2.26574
387 0.903473 0.0965271 2.23642
388 0.999996 3.71068e-06 12.5043
389 0.999969 3.12548e-05 10.3733
390 1.0 5.09291e-07 14.4902
391 0.999999 1.09428e-06 13.7254
392 0.999973 2.68156e-05 10.5265
393 0.999979 2.10958e-05 10.7664
394 1.0 3.11076e-07 14.9832
395 0.999999 9.99991e-07 13.8155
396 0.99972 0.000279765 8.18128
397 0.99997 2.95045e-05 10.4309
398 0.999233 0.0007669 7.17239
399 0.999564 0.000435579 7.7384
400 0.99941 0.000589837 7.43507
401 0.99907 0.000930147 6.97924
402 0.998394 0.00160635 6.43218
403 0.99695 0.00305018 5.7895
404 0.996337 0.00366302 5.6058
405 0.999844 0.00015603 8.76531
406 0.99893 0.00106986 6.83916
407 0.999758 0.000242051 8.32612
408 0.998468 0.00153205 6.47961
409 0.995588 0.00441224 5.41895
410 0.999408 0.000592259 7.43097
411 0.992702 0.0072976 4.91289
412 0.998894 0.00110587 6.80602
413 0.999919 8.10422e-05 9.42046
414 0.999581 0.000419448 7.77615
415 0.99991 9.03062e-05 9.31221
416 0.999652 0.00034789 7.96328
417 0.992146 0.00785413 4.83883
418 0.998678 0.00132165 6.62755
419 0.999792 0.000208224 8.47669
420 0.999605 0.000395152 7.83585
421 0.999733 0.000266622 8.22941
422 0.999941 5.85798e-05 9.74506
423 0.999986 1.35743e-05 11.2073
424 0.998901 0.00109932 6.81196
425 0.999914 8.62412e-05 9.35828
426 0.999932 6.83294e-05 9.5911
427 0.999839 0.000161406 8.73143
428 0.999931 6.94943e-05 9.5742
429 0.999998 1.83592e-06 13.208
430 0.999993 6.77628e-06 11.9021
431 0.999994 5.84744e-06 12.0495
432 0.999998 2.17336e-06 13.0392
433 0.999994 5.87932e-06 12.0441
434 0.999945 5.45499e-05 9.81634
435 0.999601 0.000398596 7.82716
436 0.999958 4.23579e-05 10.0693
437 0.999951 4.91544e-05 9.9205
438 0.998655 0.00134472 6.61022
439 0.999302 0.000697702 7.26702
440 0.998988 0.00101157 6.89524
441 0.999984 1.62914e-05 11.0249
442 0.999001 0.000998576 6.90818
443 0.99976 0.000239525 8.33661
444 0.998966 0.00103417 6.87312
445 0.99991 8.96414e-05 9.3196
446 0.999819 0.000180559 8.61927
447 0.999867 0.000132915 8.92567
448 0.999636 0.000363733 7.91873
449 0.994387 0.00561337 5.17697
450 0.997325 0.00267463 5.92127
451 0.99701 0.0029896 5.80962
452 0.999087 0.000913145 6.9977
453 0.999324 0.000676084 7.29852
454 0.996012 0.00398821 5.52042
455 0.999246 0.000754133 7.18919
456 0.99947 0.000529966 7.54217
457 0.999013 0.000986961 6.91989
459 0.999118 0.000882355 7.03203
460 0.999665 0.00033487 8.00143
461 0.997968 0.00203178 6.19681
462 0.999833 0.000167003 8.69733
463 0.998667 0.00133289 6.61907
464 0.99853 0.00146974 6.5212
465 0.999718 0.000282227 8.17251
466 0.998803 0.00119732 6.72647
467 0.999512 0.000488331 7.62403
468 0.999339 0.000661071 7.32099
469 0.997417 0.00258274 5.95632
470 0.999466 0.000534068 7.53445
471 0.999267 0.000732696 7.21805
472 0.997598 0.00240252 6.02883
473 0.996293 0.00370685 5.59386
474 0.998173 0.0018269 6.30331
475 0.999462 0.000538151 7.52683
476 0.999683 0.000316996 8.0563
477 0.999925 7.5287e-05 9.49413
478 0.999089 0.000911263 6.99977
479 0.999968 3.20127e-05 10.3493
480 0.99981 0.000189598 8.57042
481 0.998769 0.00123076 6.69889
482 0.999728 0.00027219 8.20874
483 0.99992 8.02176e-05 9.43069
484 0.999217 0.000783057 7.15152
485 0.999853 0.000147272 8.82308
486 0.999907 9.29459e-05 9.2834
487 0.999861 0.000139324 8.87857
488 0.999544 0.000456005 7.69255
489 0.999953 4.70948e-05 9.9633
490 0.999956 4.35558e-05 10.0414
491 0.999943 5.71361e-05 9.77002
492 0.999907 9.34422e-05 9.27807
493 0.999699 0.000300878 8.10851
494 0.999968 3.19005e-05 10.3529
495 0.9998 0.000200285 8.51557
496 0.999968 3.24095e-05 10.337
497 0.999254 0.000746307 7.19963
498 0.999385 0.000614851 7.39352
499 0.999927 7.26198e-05 9.5302
500 0.99804 0.00195968 6.23301
501 0.998935 0.00106514 6.84358
502 0.997959 0.00204055 6.19249
503 0.999091 0.000908998 7.00226
504 0.998836 0.00116385 6.75486
505 0.997565 0.00243489 6.01542
506 0.997697 0.00230297 6.07125
507 0.992242 0.00775761 4.85129
508 0.998959 0.00104132 6.86622
509 0.999929 7.13613e-05 9.54768
510 0.999962 3.78441e-05 10.182
511 0.99961 0.000389693 7.84976
512 0.999978 2.15265e-05 10.7462
513 0.99991 9.00683e-05 9.31485
514 0.999833 0.000167083 8.69685
515 0.999849 0.000150767 8.79962
516 0.999065 0.000935513 6.97348
517 0.999802 0.000197569 8.52923
518 0.999064 0.000936005 6.97295
519 0.99927 0.000729928 7.22183
520 0.983024 0.0169759 4.05884
521 0.999683 0.000316725 8.05716
522 0.983619 0.0163811 4.09511
523 0.998592 0.00140773 6.56437
524 0.999256 0.00074439 7.2022
525 0.999728 0.000272003 8.20943
526 0.999898 0.000101624 9.19413
527 0.999665 0.000335188 8.00048
528 0.999987 1.25294e-05 11.2874
529 0.999972 2.84555e-05 10.4671
530 0.999873 0.000126827 8.97256
531 0.999986 1.40091e-05 11.1758
532 0.999977 2.27772e-05 10.6897
533 0.999983 1.69271e-05 10.9866
534 0.999953 4.74461e-05 9.95587
535 0.999934 6.5626e-05 9.63147
536 0.999295 0.000705108 7.25645
537 0.999495 0.000504816 7.59081
538 0.999586 0.000414403 7.78826
539 0.999668 0.000332303 8.00913
540 0.999283 0.000716571 7.24032
541 0.99959 0.000409818 7.79939
542 0.998159 0.0018405 6.29588
543 0.999101 0.000899133 7.01318
544 0.998578 0.00142187 6.55436
545 0.99992 8.02735e-05 9.42999
546 0.999195 0.000805027 7.12383
547 0.998809 0.00119135 6.73148
548 0.99536 0.0046398 5.36843
549 0.999325 0.00067486 7.30033
550 0.997992 0.00200756 6.20883
551 0.998007 0.00199248 6.21638
552 0.99877 0.00123018 6.69936
553 0.997223 0.00277734 5.88348
554 0.994625 0.00537501 5.22061
555 0.998014 0.00198608 6.21961
556 0.999618 0.000382005 7.86969
557 0.998327 0.00167303 6.39144
558 0.999261 0.000739103 7.20933
559 0.998476 0.00152398 6.48491
560 0.999497 0.000502977 7.59446
561 0.999548 0.000452182 7.70097
562 0.998154 0.00184573 6.29304
563 0.99958 0.000420242 7.77426
564 0.99948 0.000519702 7.56174
565 0.99968 0.000320362 8.04574
566 0.999912 8.75865e-05 9.3428
567 0.999841 0.000159362 8.74417
568 0.999998 2.0902e-06 13.0782
569 0.999993 6.87998e-06 11.8869
570 0.999966 3.3813e-05 10.2946
571 0.999988 1.17447e-05 11.3521
572 0.99999 1.05254e-05 11.4617
573 0.999989 1.12847e-05 11.3921
574 0.999996 3.84536e-06 12.4686
575 0.999999 1.14126e-06 13.6834
576 0.999538 0.000462025 7.67943
577 0.9996 0.00040001 7.82362
578 0.999259 0.000741038 7.20672
579 0.999929 7.09975e-05 9.55279
580 0.990388 0.00961171 4.63511
581 0.997793 0.0022066 6.11409
582 0.998499 0.00150138 6.49987
583 0.998671 0.00132946 6.62165
584 0.999967 3.28746e-05 10.3228
585 0.998817 0.00118274 6.73874
586 0.999995 4.81296e-06 12.2442
587 0.999958 4.16227e-05 10.0868
588 0.999995 5.26083e-06 12.1552
589 0.999975 2.45963e-05 10.6129
590 0.999999 8.38912e-07 13.9912
591 0.999982 1.83724e-05 10.9046
592 0.999914 8.64062e-05 9.35636
593 0.999997 2.76733e-06 12.7976
594 0.999993 6.90377e-06 11.8834
595 0.999992 7.55906e-06 11.7928
596 0.971441 0.0285588 3.52681
597 0.998044 0.00195564 6.23508
598 0.995787 0.00421295 5.46537
599 0.986056 0.013944 4.25867
600 0.998189 0.00181077 6.31219
601 0.998741 0.00125862 6.67648
602 0.998801 0.0011994 6.72473
603 0.998825 0.00117448 6.74575
604 0.999647 0.000352708 7.94952
605 0.99978 0.000219983 8.42174
608 0.993306 0.00669432 4.99978
609 0.983798 0.0162024 4.10626
610 0.911998 0.0880025 2.33827
611 0.993467 0.00653277 5.02437
612 0.947787 0.0522132 2.89879
613 0.957015 0.0429848 3.10297
615 0.900476 0.0995244 2.20252
616 0.996988 0.00301244 5.80199
617 0.97928 0.0207201 3.85571
618 0.969362 0.0306383 3.45439
620 0.990014 0.0099856 4.59658
621 0.99558 0.00441954 5.41729
622 0.991873 0.00812708 4.80439
623 0.9882 0.0118002 4.42777
624 0.996505 0.00349451 5.65306
625 0.995734 0.00426568 5.45288
626 0.961694 0.0383058 3.22309
627 0.967083 0.032917 3.3803
628 0.991776 0.00822451 4.79238
629 0.989266 0.0107342 4.52353
630 0.990661 0.00933892 4.66418
631 0.92215 0.0778495 2.47193
632 0.99669 0.00330986 5.70754
633 0.996985 0.00301536 5.80102
634 0.996522 0.00347763 5.65792
635 0.993839 0.00616069 5.08339
636 0.999947 5.28131e-05 9.8487
637 0.999691 0.000309043 8.08172
638 0.994856 0.00514406 5.26476
639 0.999218 0.000781816 7.15311
640 0.99903 0.00096966 6.93759
641 0.997319 0.00268125 5.91879
642 0.999752 0.000247946 8.30205
643 0.999929 7.08383e-05 9.55504
644 0.999675 0.000325082 8.03111
645 0.999635 0.00036502 7.91519
646 0.999277 0.000722911 7.2315
647 0.999954 4.57453e-05 9.99238
648 0.999964 3.59616e-05 10.233
649 0.996885 0.00311525 5.76833
650 0.999904 9.59394e-05 9.2517
651 0.999915 8.48009e-05 9.37512
652 0.999353 0.000647191 7.34222
653 0.999963 3.67489e-05 10.2114
654 0.999975 2.50237e-05 10.5957
655 0.999971 2.93252e-05 10.437
656 0.999996 3.92262e-06 12.4487
657 0.99999 9.6211e-06 11.5515
658 0.999965 3.53821e-05 10.2493
659 0.99987 0.000130271 8.94577
660 0.994435 0.00556545 5.1856
661 0.999968 3.1653e-05 10.3606
662 0.999066 0.000933675 6.97545
663 0.999675 0.000324949 8.03152
664 0.99999 1.0092e-05 11.5038
665 0.999729 0.000271467 8.2114
666 0.999912 8.79932e-05 9.33816
667 0.999837 0.000163201 8.72036
668 0.999978 2.21034e-05 10.7198
669 0.999901 9.89269e-05 9.22103
670 0.999966 3.35715e-05 10.3018
671 0.999969 3.1483e-05 10.366
672 0.999615 0.000385116 7.86158
673 0.999844 0.000155885 8.76624
674 0.999927 7.31887e-05 9.5224
675 0.999994 5.81437e-06 12.0552
676 0.999913 8.73668e-05 9.34531
677 0.999373 0.000626761 7.37432
678 0.999305 0.000694542 7.27156
679 0.999047 0.000953135 6.9548
680 0.999995 4.71972e-06 12.2638
681 0.999774 0.000226272 8.39355
682 0.999693 0.000306615 8.08961
683 0.999823 0.000177279 8.63761
684 0.999627 0.000373461 7.89232
685 0.999961 3.92498e-05 10.1455
686 0.999982 1.76635e-05 10.944
687 0.999885 0.000114709 9.07299
688 0.999886 0.000113869 9.08034
689 0.999946 5.35459e-05 9.83492
690 0.999961 3.90874e-05 10.1497
691 0.999957 4.33024e-05 10.0473
692 0.999951 4.90408e-05 9.92281
693 0.999957 4.30675e-05 10.0527
694 0.999952 4.8415e-05 9.93565
695 0.99992 7.95169e-05 9.43946
696 0.99244 0.0075601 4.87728
697 0.983274 0.0167259 4.07393
698 0.97526 0.0247404 3.67427
699 0.990539 0.00946126 4.65104
701 0.942175 0.0578248 2.79077
702 0.986754 0.0132458 4.31074
703 0.976906 0.0230936 3.74483
704 0.973345 0.0266552 3.59775
705 0.96637 0.0336299 3.35813
706 0.999971 2.90984e-05 10.4448
707 0.999978 2.23298e-05 10.7096
708 0.999996 3.83851e-06 12.4704
709 0.999995 4.80374e-06 12.2461
710 0.999987 1.32191e-05 11.2338
711 0.999984 1.57139e-05 11.0609
712 0.999852 0.000147721 8.82004
713 0.999989 1.11995e-05 11.3996
714 0.999248 0.000751983 7.19204
715 0.999991 9.16455e-06 11.6002
716 0.999925 7.51842e-05 9.49549
717 0.999689 0.000311365 8.07423
718 0.999757 0.000243456 8.32033
719 0.999908 9.23824e-05 9.28948
720 0.999809 0.000190878 8.56368
721 0.999807 0.000193367 8.55073
722 0.999737 0.00026328 8.24203
723 0.999872 0.000127995 8.96339
724 0.999915 8.44741e-05 9.37898
725 0.999746 0.000254168 8.27726
726 0.999417 0.000582906 7.4469
727 0.999706 0.000293517 8.13328
728 0.999827 0.000173408 8.65969
729 0.999841 0.000158884 8.74718
730 0.999915 8.55251e-05 9.36662
731 0.999768 0.000232018 8.36846
732 0.999841 0.000158571 8.74915
733 0.999841 0.000158679 8.74847
734 0.999956 4.3977e-05 10.0318
735 0.999915 8.491e-05 9.37383
736 0.99988 0.000120405 9.02453
737 0.998774 0.00122579 6.70294
738 0.998045 0.00195543 6.23519
739 0.996999 0.00300091 5.80583
740 0.998455 0.00154486 6.47128
741 0.993723 0.00627718 5.06454
742 0.998395 0.00160502 6.43301
743 0.996556 0.00344431 5.66758
744 0.999065 0.000935075 6.97395
745 0.998936 0.00106358 6.84505
746 0.998913 0.00108708 6.82317
747 0.9994 0.000599976 7.41802
748 0.996104 0.00389581 5.54395
749 0.999398 0.000601951 7.41473
750 0.998557 0.00144341 6.5393
751 0.999979 2.12403e-05 10.7596
752 0.996597 0.0034031 5.67966
753 0.999542 0.000457557 7.68915
754 0.999766 0.000233683 8.36131
755 0.999719 0.000280495 8.17868
756 0.999545 0.000454957 7.69485
757 0.999796 0.000204329 8.49557
758 0.999388 0.000611924 7.39829
759 0.999926 7.37861e-05 9.51427
760 0.999887 0.000113373 9.08472
761 0.999971 2.9066e-05 10.4459
762 0.999927 7.28791e-05 9.52664
763 0.999658 0.000342127 7.97999
764 0.999811 0.000188991 8.57362
765 0.999983 1.72075e-05 10.9701
766 0.999133 0.000866816 7.04982
767 0.998706 0.00129351 6.6491
768 0.997221 0.00277901 5.88288
769 0.997116 0.00288435 5.84557
770 0.999013 0.000986864 6.91999
771 0.999687 0.000313441 8.06758
772 0.998904 0.00109606 6.81494
773 0.998956 0.00104393 6.86372
774 0.999063 0.000937467 6.97139
775 0.998952 0.00104808 6.85974
776 0.999968 3.2027e-05 10.3489
777 0.999955 4.54684e-05 9.99845
778 0.9993 0.000700224 7.26341
779 0.999934 6.5676e-05 9.63071
780 0.999988 1.22257e-05 11.312
781 0.999986 1.42819e-05 11.1565
782 0.999969 3.09589e-05 10.3828
783 0.999972 2.81689e-05 10.4773
784 0.999976 2.40674e-05 10.6346
785 0.999929 7.05719e-05 9.55881
786 0.999875 0.000125072 8.9865
787 0.999633 0.000366525 7.91108
788 0.99999 1.05319e-05 11.4611
789 0.998787 0.00121337 6.71314
790 0.999975 2.51145e-05 10.592
791 0.999974 2.61364e-05 10.5522
792 0.99983 0.000169462 8.68271
793 0.999978 2.16847e-05 10.7389
794 0.999967 3.28783e-05 10.3227
795 0.999869 0.000130605 8.9432
796 0.993869 0.00613082 5.08828
797 0.988646 0.0113542 4.46675
798 0.985761 0.0142392 4.23742
799 0.992211 0.00778924 4.84719
800 0.977673 0.0223272 3.77937
801 0.991039 0.00896129 4.70584
802 0.980549 0.0194507 3.92023
803 0.97356 0.0264401 3.60608
804 0.988788 0.0112121 4.47948
805 0.992573 0.00742738 4.89513
806 0.999925 7.51452e-05 9.49601
807 0.999894 0.000105508 9.15662
808 0.999853 0.000147037 8.82468
809 0.999852 0.000147781 8.81963
810 0.999782 0.000218492 8.42854
811 0.99994 6.01032e-05 9.71939
812 0.999836 0.000164285 8.71375
813 0.999889 0.000110792 9.10774
814 0.99986 0.000139946 8.87411
815 0.999203 0.000797182 7.13363
816 0.99978 0.000220244 8.42056
817 0.999862 0.000138417 8.8851
818 0.999948 5.2468e-05 9.85526
819 0.99965 0.000349701 7.95808
820 0.999814 0.000186139 8.58883
821 0.999701 0.000299194 8.11412
822 0.999597 0.000403536 7.81484
823 0.999779 0.000221201 8.41622
824 0.999899 0.000101023 9.20007
825 0.999141 0.000859108 7.05876
826 0.999325 0.000675039 7.30007
827 0.999681 0.00031878 8.05069
828 0.999643 0.000356526 7.93875
829 0.998613 0.00138666 6.57947
830 0.997082 0.00291821 5.83386
831 0.998366 0.00163384 6.41519
832 0.999468 0.000531644 7.539
833 0.999519 0.000481349 7.63844
834 0.999385 0.000614849 7.39352
835 0.999419 0.000580846 7.45044
836 0.999974 2.64594e-05 10.5399
837 0.999979 2.14362e-05 10.7504
838 0.999963 3.67374e-05 10.2117
839 0.999988 1.16786e-05 11.3577
840 0.999996 4.2431e-06 12.3702
841 0.999788 0.00021223 8.45763
842 0.999993 7.20328e-06 11.841
843 0.999943 5.67277e-05 9.77719
844 0.999863 0.000136859 8.89642
845 0.999991 9.28763e-06 11.5868
846 0.999922 7.78556e-05 9.46058
847 0.99986 0.000139744 8.87556
848 0.999861 0.000138931 8.8814
849 0.999992 7.57735e-06 11.7903
850 0.998264 0.00173612 6.35437
851 0.999083 0.000916858 6.99364
852 0.999697 0.000303403 8.10014
853 0.999209 0.000790925 7.14152
854 0.999888 0.000112442 9.09296
855 0.999188 0.000812257 7.11488
856 0.99627 0.00373029 5.58753
857 0.997259 0.0027406 5.89684
858 0.994084 0.00591595 5.12417
859 0.999328 0.000672541 7.30378
860 0.999245 0.000755198 7.18777
861 0.997949 0.00205149 6.18714
862 0.998356 0.00164387 6.40905
863 0.998006 0.00199373 6.21575
864 0.998875 0.00112508 6.78878
865 0.999492 0.000508266 7.584
866 0.999394 0.000606451 7.40728
867 0.999914 8.61968e-05 9.35879
868 0.999906 9.35501e-05 9.27692
869 0.99984 0.000160233 8.73872
870 0.999854 0.000146083 8.83119
871 0.99981 0.000190336 8.56653
872 0.999726 0.00027441 8.20061
873 0.999933 6.66013e-05 9.61672
874 0.999873 0.000127325 8.96864
875 0.999911 8.92259e-05 9.32425
876 0.999912 8.81411e-05 9.33648
877 0.999871 0.0001289 8.95634
878 0.999904 9.57586e-05 9.25358
879 0.999871 0.00012914 8.95448
880 0.999924 7.61138e-05 9.4832
881 0.99997 2.96409e-05 10.4263
882 0.998981 0.00101892 6.88799
883 0.999215 0.000785382 7.14855
884 0.997759 0.00224092 6.09863
885 0.999752 0.000248399 8.30022
886 0.999817 0.00018287 8.60655
887 0.999288 0.000712012 7.2467
888 0.999539 0.000461353 7.68089
889 0.999326 0.000674136 7.3014
890 0.999339 0.000661158 7.32086
891 0.99942 0.000580315 7.45136
892 0.998858 0.00114169 6.77411
893 0.999637 0.000362528 7.92205
894 0.998429 0.00157134 6.45426
895 0.999723 0.000276855 8.19174
896 0.999812 0.000188191 8.57787
897 0.999529 0.000471143 7.65988
898 0.999647 0.00035282 7.9492
899 0.999924 7.6372e-05 9.47982
900 0.999848 0.000151864 8.79237
901 0.999976 2.35608e-05 10.6559
902 0.999654 0.000346342 7.96774
903 0.999644 0.000356102 7.93994
904 0.998919 0.00108103 6.82876
905 0.999981 1.89664e-05 10.8728
906 0.999992 7.90604e-06 11.7479
907 0.999906 9.43463e-05 9.26844
908 0.999969 3.12993e-05 10.3719
909 0.999975 2.50595e-05 10.5942
910 0.999975 2.52737e-05 10.5857
911 0.999944 5.57398e-05 9.79476
912 0.999978 2.23499e-05 10.7087
913 0.99994 6.00848e-05 9.71969
914 0.999991 8.63609e-06 11.6596
915 0.999995 4.89268e-06 12.2278
916 0.941497 0.0585035 2.77838
917 0.978933 0.021067 3.83875
918 0.984291 0.0157091 4.13768
919 0.923308 0.0766916 2.48817
921 0.977609 0.0223908 3.77646
922 0.970742 0.0292575 3.50193
923 0.991655 0.00834528 4.77768
924 0.993749 0.00625065 5.0688
925 0.99105 0.0089495 4.70717
926 0.999987 1.2585e-05 11.283
927 0.999988 1.22505e-05 11.3099
928 0.999981 1.89219e-05 10.8752
929 0.999998 2.32464e-06 12.9719
930 0.999988 1.24566e-05 11.2932
931 0.999836 0.000163791 8.71675
932 0.999992 7.99921e-06 11.7362
933 0.999995 5.2998e-06 12.1478
934 0.999998 1.95379e-06 13.1457
935 0.999991 9.25493e-06 11.5903
936 0.999448 0.000551822 7.50173
937 0.99987 0.000129644 8.95059
938 0.999769 0.000231178 8.37209
939 0.998121 0.00187934 6.27496
940 0.999506 0.000494242 7.61199
941 0.99824 0.00176007 6.34064
942 0.999917 8.31101e-05 9.39526
943 0.999938 6.23107e-05 9.68332
944 0.998146 0.00185402 6.28854
945 0.999698 0.000302477 8.1032
946 0.99994 6.03048e-05 9.71604
947 0.999839 0.000160834 8.73498
948 0.999929 7.12314e-05 9.54951
949 0.999003 0.000996865 6.9099
950 0.999173 0.000827482 7.0963
951 0.999822 0.000178104 8.63296
952 0.999095 0.000905311 7.00633
953 0.999892 0.000107815 9.13499
954 0.999666 0.000333998 8.00404
955 0.999436 0.000564037 7.47983
956 0.99942 0.00057981 7.45223
957 0.999696 0.00030384 8.0987
958 0.999385 0.000614646 7.39385
959 0.999905 9.46795e-05 9.26492
960 0.99991 9.04044e-05 9.31113
961 0.99969 0.000310313 8.07762
962 0.999931 6.89755e-05 9.58169
963 0.999878 0.000121862 9.0125
964 0.999442 0.000557834 7.49089
965 0.999767 0.000233233 8.36324
966 0.998471 0.00152938 6.48136
967 0.99982 0.000179852 8.6232
968 0.999812 0.000188235 8.57763
969 0.992497 0.00750279 4.88495
970 0.99976 0.000239728 8.33577
971 0.99979 0.000209698 8.46963
972 0.999323 0.000676687 7.29763
973 0.99997 3.02489e-05 10.406
974 0.999841 0.000158895 8.74711
975 0.999889 0.000111308 9.1031
976 0.998687 0.00131284 6.63425
977 0.999267 0.000733358 7.21714
978 0.949505 0.0504951 2.93407
979 0.990945 0.00905547 4.69529
980 0.990979 0.00902099 4.69914
981 0.999376 0.000624097 7.37858
982 0.998287 0.00171323 6.36766
983 0.997414 0.00258617 5.95499
985 0.993832 0.00616751 5.08227
986 0.963416 0.0365844 3.27086
987 0.972903 0.0270971 3.58086
990 0.982322 0.0176779 4.01761
991 0.914168 0.0858318 2.36562
992 0.936103 0.0638975 2.68445
993 0.987188 0.0128124 4.34445
994 0.999996 4.4012e-06 12.3336
995 0.999987 1.2468e-05 11.2923
996 0.999934 6.60357e-05 9.62525
997 0.999967 3.3452e-05 10.3054
998 0.999999 1.43029e-06 13.4576
999 0.999979 2.0982e-05 10.7718
1000 0.999999 8.81299e-07 13.9419
1001 0.999982 1.78547e-05 10.9332
1002 0.999893 0.000106654 9.14582
1003 0.996277 0.00372297 5.5895
1004 0.986313 0.0136868 4.27755
1005 0.989172 0.0108282 4.51471
1006 0.90502 0.0949798 2.25429
1007 0.955864 0.0441362 3.07533
1008 0.977831 0.0221686 3.78666
1009 0.906672 0.0933278 2.27366
1011 0.991073 0.00892653 4.70976
1013 0.961259 0.0387414 3.21133
1014 0.997802 0.00219811 6.11796
1015 0.999205 0.000794747 7.13669
1016 0.993014 0.00698618 4.95681
1017 0.995924 0.00407625 5.49849
1018 0.99939 0.00061004 7.40138
1019 0.999143 0.000857117 7.06108
1020 0.999723 0.000277021 8.19114
1021 0.99899 0.0010104 6.89639
1022 0.999361 0.000638801 7.35528
1023 0.999763 0.000237403 8.34551
1024 0.993614 0.00638555 5.04731
1025 0.999911 8.91016e-05 9.32564
1026 0.999868 0.000131932 8.93309
1027 0.999955 4.50414e-05 10.0079
1028 0.999766 0.000233681 8.36132
1029 0.999941 5.92532e-05 9.73363
1030 0.999887 0.00011285 9.08934
1031 0.998665 0.00133534 6.61723
1032 0.99972 0.000279951 8.18062
1033 0.999163 0.000836609 7.08532
1034 0.999372 0.000628475 7.37159
1035 0.999753 0.000246822 8.3066
1036 0.999384 0.000615524 7.39242
1037 0.998532 0.00146783 6.5225
1038 0.999843 0.000156607 8.76162
1039 0.998115 0.0018848 6.27205
1040 0.999805 0.000195367 8.54044
1041 0.999101 0.000899058 7.01326
1042 0.998526 0.00147347 6.51866
1043 0.999335 0.000665143 7.31484
1044 0.999495 0.000504915 7.59061
1045 0.979038 0.0209617 3.84387
1046 0.980124 0.0198758 3.89818
1047 0.971528 0.0284717 3.52996
1048 0.96986 0.0301403 3.47129
1049 0.960306 0.0396939 3.18605
1050 0.991718 0.00828256 4.78529
1052 0.991875 0.00812486 4.80467
1053 0.993635 0.00636527 5.05051
1054 0.99045 0.00955014 4.6416
1055 0.999955 4.47199e-05 10.015
1056 0.999987 1.26076e-05 11.2812
1057 0.999902 9.80138e-05 9.2303
1058 0.999876 0.000123814 8.99661
1059 0.999917 8.31978e-05 9.39421
1060 0.999199 0.000801322 7.12845
1061 0.999487 0.000512685 7.57534
1062 0.999671 0.000329176 8.01859
1063 0.999842 0.00015796 8.75301
1064 0.999469 0.000530733 7.54072
1065 0.999189 0.000811352 7.116
1066 0.998435 0.00156469 6.4585
1067 0.985206 0.0147943 4.19861
1068 0.945775 0.0542252 2.85886
1069 0.974404 0.0255964 3.63937
1071 0.98305 0.0169498 4.0604
1072 0.915325 0.0846754 2.38045
1074 0.978701 0.0212988 3.82758
1075 0.928977 0.0710231 2.57108
1076 0.973812 0.0261885 3.6159
1077 0.999951 4.89288e-05 9.92509
1078 0.999642 0.000357746 7.93533
1079 0.999955 4.51591e-05 10.0053
1080 0.999938 6.23916e-05 9.68202
1081 0.999853 0.000146732 8.82676
1082 0.999831 0.000169001 8.68544
1083 0.999893 0.000107175 9.14094
1084 0.999412 0.000588231 7.4378
1085 0.999706 0.000293597 8.13301
1086 0.99985 0.000149744 8.80643
1087 0.998878 0.00112242 6.79115
1088 0.980596 0.0194038 3.92269
1089 0.990946 0.0090536 4.6955
1090 0.989765 0.0102348 4.57168
1091 0.992822 0.00717768 4.92957
1092 0.986564 0.0134356 4.29632
1093 0.992738 0.00726184 4.91783
1094 0.998863 0.00113669 6.7785
1095 0.993001 0.00699863 4.95502
1096 0.997918 0.0020819 6.17239
1097 0.999947 5.33219e-05 9.83911
1098 0.999919 8.08783e-05 9.42248
1099 0.999956 4.44412e-05 10.0213
1100 0.999908 9.1985e-05 9.29379
1101 0.999815 0.0001847 8.59659
1102 0.999987 1.32916e-05 11.2284
1103 0.999611 0.00038882 7.852
1104 0.999894 0.000105568 9.15605
1105 0.999952 4.75332e-05 9.95403
1106 0.999931 6.92707e-05 9.57742
1107 0.999977 2.31311e-05 10.6743
1108 0.999998 2.23078e-06 13.0132
1109 0.999997 3.04468e-06 12.7021
1110 0.999939 6.04971e-05 9.71285
1111 0.999997 2.74359e-06 12.8062
1112 0.999995 4.81483e-06 12.2438
1113 0.999958 4.16876e-05 10.0853
1114 0.999995 5.03118e-06 12.1999
1115 0.999857 0.000142889 8.8533
1116 0.999938 6.22197e-05 9.68478
1117 0.993031 0.00696914 4.95927
1118 0.996055 0.00394453 5.53147
1119 0.996685 0.00331463 5.70609
1120 0.991764 0.00823583 4.79099
1121 0.993229 0.00677095 4.98832
1122 0.993567 0.00643321 5.03983
1123 0.994126 0.00587426 5.13128
1124 0.995034 0.00496602 5.30016
1125 0.996291 0.00370878 5.59334
1126 0.997453 0.00254676 5.97038
1127 0.990572 0.00942808 4.65459
1128 0.944329 0.0556712 2.83101
1129 0.974816 0.0251842 3.65603
1130 0.96282 0.0371802 3.25409
1131 0.901632 0.0983675 2.2155
1132 0.953011 0.0469892 3.00971
1133 0.994738 0.00526221 5.24193
1134 0.921944 0.078056 2.46906
1135 0.951547 0.0484531 2.97749
1136 0.997871 0.00212857 6.15017
1137 0.997376 0.00262417 5.94036
1138 0.999439 0.000560961 7.4853
1139 0.997973 0.00202671 6.19931
1140 0.99781 0.00218957 6.12186
1141 0.99986 0.000140058 8.87331
1142 0.999868 0.000131575 8.9358
1143 0.996376 0.00362398 5.61655
1144 0.999875 0.000124568 8.99053
1145 0.999783 0.000216506 8.43768
1146 0.999869 0.000131197 8.93868
1147 0.999924 7.64628e-05 9.47863
1148 0.999989 1.10004e-05 11.4176
1149 0.999945 5.51367e-05 9.80564
1150 0.999988 1.16822e-05 11.3574
1151 0.999952 4.75452e-05 9.95378
1152 0.99986 0.000139621 8.87644
1153 0.999962 3.78235e-05 10.1825
1154 0.999779 0.000220697 8.4185
1155 0.999949 5.08251e-05 9.88707
1156 0.999882 0.000117977 9.04491
1157 0.99983 0.000170328 8.67762
1158 0.998922 0.00107796 6.8316
1159 0.997887 0.0021133 6.15739
1160 0.997616 0.00238399 6.03659
1161 0.996552 0.00344785 5.66655
1162 0.999673 0.000326727 8.02606
1163 0.997445 0.00255542 5.96698
1164 0.999217 0.000783355 7.15114
1165 0.999308 0.00069199 7.27525
1166 0.999554 0.000446272 7.71413
1167 0.999907 9.28159e-05 9.2848
1168 0.998626 0.0013739 6.58873
1169 0.99905 0.0009501 6.95799
1170 0.99944 0.000559769 7.48743
1171 0.998932 0.00106796 6.84093
1172 0.999836 0.0001635 8.71853
1173 0.99969 0.000309744 8.07945
1174 0.99899 0.0010096 6.89719
1175 0.999992 8.21677e-06 11.7093
1176 0.999943 5.71883e-05 9.7691
1177 0.999188 0.000812147 7.11502
1178 0.999723 0.000277198 8.1905
1179 0.999875 0.000125373 8.98409
1180 0.999759 0.000241482 8.32847
1181 0.999369 0.000631463 7.36684
1182 0.999659 0.000340703 7.98416
1183 0.999579 0.000421186 7.77202
1184 0.999756 0.000244376 8.31656
1185 0.999911 8.92612e-05 9.32385
1186 0.999582 0.00041788 7.7799
1187 0.999973 2.7353e-05 10.5067
1188 0.999952 4.75873e-05 9.9529
1189 0.999926 7.35554e-05 9.5174
1190 0.999989 1.08581e-05 11.4306
1191 0.999906 9.41936e-05 9.27006
1192 0.999982 1.81188e-05 10.9185
1193 0.999982 1.85263e-05 10.8963
1194 0.999974 2.61552e-05 10.5514
1195 0.999965 3.5399e-05 10.2488
1196 0.999992 7.98939e-06 11.7374
1197 0.999412 0.000587728 7.43866
1198 0.996403 0.00359709 5.62403
1199 0.998441 0.00155899 6.46216
1200 0.999778 0.000222079 8.41226
1201 0.998613 0.00138743 6.57891
1202 0.997923 0.00207688 6.17481
1203 0.999725 0.000275318 8.19731
1204 0.995813 0.00418716 5.47154
1205 0.99889 0.0011101 6.80219
1206 0.999818 0.000182459 8.6088
1207 0.999653 0.000346991 7.96586
1208 0.997692 0.00230778 6.06916
1209 0.993217 0.00678273 4.98657
1210 0.99948 0.000519616 7.5619
1211 0.999653 0.000347255 7.9651
1212 0.999647 0.000353233 7.94803
1213 0.999855 0.000144586 8.84149
1214 0.999436 0.00056429 7.47938
1215 0.999647 0.000352955 7.94882
1216 0.999073 0.000926765 6.98288
1217 0.998987 0.00101304 6.89379
1218 0.998501 0.00149922 6.50131
1219 0.956595 0.0434053 3.0928
1220 0.995982 0.00401823 5.51289
1221 0.998743 0.00125681 6.67792
1222 0.999457 0.000543269 7.51736
1223 0.99486 0.00514015 5.26552
1224 0.999606 0.000394455 7.83761
1225 0.99971 0.000290323 8.14423
1226 0.999467 0.000533245 7.536
1227 0.99888 0.00112044 6.79291
1228 0.998278 0.00172179 6.36267
1229 0.999502 0.000498169 7.60407
1230 0.999947 5.26415e-05 9.85195
1231 0.999542 0.000458097 7.68797
1232 0.997107 0.00289277 5.84264
1233 0.999879 0.000120491 9.02381
1234 0.999804 0.000195828 8.53808
1235 0.999909 9.11975e-05 9.30239
1236 0.9998 0.000200358 8.51521
1237 0.977423 0.0225767 3.768
1238 0.970803 0.0291967 3.50407
1239 0.995943 0.00405688 5.50328
1241 0.973038 0.0269625 3.58597
1242 0.979879 0.0201206 3.88568
1244 0.983159 0.0168413 4.06694
1245 0.955661 0.0443385 3.07055
1246 0.988726 0.0112741 4.47391
1247 0.999204 0.000795898 7.13524
1248 0.998246 0.00175411 6.34404
1249 0.997113 0.00288714 5.8446
1250 0.999495 0.000504679 7.59108
1251 0.999432 0.000567791 7.47319
1252 0.999167 0.000833283 7.0893
1253 0.998824 0.00117639 6.74412
1254 0.999286 0.000713997 7.24392
1255 0.993898 0.00610173 5.09306
1256 0.996845 0.00315548 5.75545
1257 0.999529 0.000470747 7.66072
1258 0.99881 0.00118973 6.73284
1259 0.99878 0.00122037 6.70738
1260 0.998877 0.00112307 6.79057
1261 0.992599 0.0074007 4.89875
1262 0.999157 0.000842893 7.07783
1263 0.999118 0.000882415 7.03197
1264 0.996488 0.00351202 5.64805
1265 0.999104 0.00089601 7.01666
1266 0.99925 0.000749873 7.19486
1267 0.999999 5.48385e-07 14.4163
1268 1.0 3.90043e-07 14.757
1269 0.999996 4.29912e-06 12.3571
1270 1.0 8.58029e-08 16.2712
1271 0.999998 2.40447e-06 12.9382
1272 0.999998 1.81866e-06 13.2174
1273 0.999999 5.6791e-07 14.3813
1274 0.999982 1.76556e-05 10.9444
1275 0.999994 5.67742e-06 12.079
1276 0.999999 6.31307e-07 14.2755
1277 0.973759 0.0262408 3.61385
1278 0.99587 0.00413 5.48534
1279 0.998603 0.00139655 6.57235
1280 0.993544 0.00645569 5.03632
1281 0.989043 0.0109565 4.5028
1283 0.96787 0.0321302 3.4053
1284 0.939173 0.0608272 2.73696
1285 0.990732 0.00926838 4.67184
1287 0.998373 0.00162736 6.41916
1288 0.999948 5.1926e-05 9.86564
1289 0.943677 0.0563234 2.81867
1290 0.999842 0.000157885 8.75349
1291 0.99992 7.9599e-05 9.43843
1292 0.999945 5.53042e-05 9.80261
1293 0.999322 0.000678466 7.295
1294 0.999975 2.45485e-05 10.6148
1295 0.999851 0.000149188 8.81015
1296 0.999932 6.828e-05 9.59183
1297 0.999841 0.00015864 8.74872
1298 0.999903 9.70051e-05 9.24065
1299 0.999934 6.59572e-05 9.62644
1300 0.999701 0.000298581 8.11617
1301 0.99881 0.00119006 6.73256
1302 0.999862 0.000137816 8.88945
1303 0.999941 5.90103e-05 9.73774
1304 0.999941 5.88158e-05 9.74104
1305 0.978627 0.0213726 3.82404
1307 0.987496 0.0125041 4.36912
1308 0.987746 0.0122542 4.38956
1309 0.975792 0.0242082 3.69656
1310 0.979999 0.0200007 3.89179
1311 0.978811 0.0211885 3.83288
1312 0.978222 0.0217778 3.80485
1313 0.967355 0.0326451 3.38887
1314 0.978826 0.0211743 3.83357
1315 0.99751 0.00248988 5.99303
1316 0.999743 0.000256813 8.2669
1317 0.942721 0.0572788 2.80084
1318 0.957178 0.0428217 3.10695
1319 0.996501 0.00349883 5.65182
1320 0.993796 0.00620358 5.07641
1321 0.993151 0.00684912 4.97676
1322 0.990637 0.00936275 4.66161
1323 0.998288 0.00171167 6.36857
1324 0.997861 0.00213908 6.14524
1325 0.997318 0.00268234 5.91838
1326 0.993047 0.0069533 4.96156
1327 0.999933 6.73812e-05 9.60508
1328 0.999685 0.000314819 8.0632
1329 0.999942 5.79069e-05 9.75662
1330 0.999871 0.000128966 8.95583
1331 0.999837 0.000163222 8.72024
1332 0.999188 0.000812065 7.11512
1333 0.999509 0.000490782 7.61902
1334 0.999294 0.000705565 7.25581
1335 0.99917 0.000829993 7.09326
1336 0.999907 9.33544e-05 9.27901
1337 0.999928 7.20353e-05 9.53828
1338 0.999356 0.000644043 7.3471
1339 0.999881 0.000118596 9.03967
1340 0.999803 0.000196581 8.53424
1341 0.997595 0.00240487 6.02785
1342 0.998797 0.00120291 6.72181
1343 0.999793 0.000207373 8.48078
1344 0.999812 0.000187653 8.58073
1345 0.999917 8.32596e-05 9.39346
1346 0.99249 0.00751042 4.88392
1347 0.99977 0.000229595 8.37896
1348 0.999709 0.000291405 8.1405
1349 0.99922 0.000779983 7.15546
1350 0.999088 0.000911565 6.99944
1351 0.997639 0.00236116 6.04624
1352 0.999831 0.00016919 8.68432
1353 0.999922 7.78652e-05 9.46045
1354 0.999866 0.00013344 8.92173
1355 0.99985 0.000149984 8.80483
1356 0.999187 0.000813103 7.11384
1357 0.996454 0.00354598 5.63839
1358 0.99448 0.00552012 5.19382
1359 0.999492 0.000508429 7.58368
1361 0.997879 0.00212099 6.15375
1362 0.993586 0.00641378 5.04287
1363 0.998726 0.001274 6.66432
1364 0.992437 0.00756253 4.87696
1365 0.984922 0.0150776 4.17935
1366 0.992334 0.00766598 4.86327
1367 0.999812 0.000188009 8.57883
1368 0.999862 0.000137994 8.88816
1369 0.99993 7.01401e-05 9.56495
1370 0.999905 9.50042e-05 9.26149
1371 0.999831 0.000168474 8.68856
1372 0.999747 0.000252754 8.28284
1373 0.997827 0.00217307 6.12944
1374 0.999053 0.000946834 6.96144
1375 0.999735 0.000265059 8.23529
1376 0.99923 0.000770339 7.16791
1377 0.999982 1.83129e-05 10.9079
1378 0.999974 2.62754e-05 10.5469
1379 0.999938 6.17813e-05 9.69185
1380 0.999995 4.98343e-06 12.2094
1381 0.99996 4.021e-05 10.1214
1382 0.99997 2.96077e-05 10.4274
1383 0.999982 1.83993e-05 10.9032
1384 0.999994 5.72266e-06 12.0711
1385 0.999846 0.000154455 8.77546
1386 0.999989 1.11002e-05 11.4085
1387 0.994733 0.00526686 5.24104
1388 0.99969 0.000309644 8.07978
1389 0.999915 8.51881e-05 9.37056
1390 0.999926 7.44016e-05 9.50596
1391 0.99966 0.00034034 7.98522
1392 0.999629 0.000370556 7.90014
1393 0.999769 0.00023077 8.37386
1394 0.999899 0.000101056 9.19973
1395 0.994069 0.00593156 5.12152
1396 0.998414 0.00158575 6.44511
1397 0.999577 0.000423328 7.76694
1398 0.999809 0.000191042 8.56283
1399 0.999796 0.00020443 8.49508
1400 0.999735 0.000264587 8.23708
1401 0.998413 0.00158715 6.44423
1402 0.999681 0.000318674 8.05102
1403 0.998692 0.00130814 6.63784
1404 0.997853 0.0021472 6.14144
1405 0.997216 0.00278382 5.88114
1406 0.999506 0.00049447 7.61153
1407 0.999623 0.000376932 7.88307
1408 0.998118 0.00188193 6.27357
1409 0.996537 0.0034634 5.66204
1410 0.99309 0.00691031 4.96781
1411 0.996397 0.00360331 5.62229
1412 0.999121 0.0008788 7.03607
1413 0.999564 0.000436263 7.73683
1414 0.999559 0.000441103 7.72579
1415 0.999519 0.000481069 7.63902
1416 0.999209 0.00079154 7.14074
1417 0.999998 1.72345e-06 13.2712
1418 0.999999 6.45529e-07 14.2532
1419 0.9999 0.000100118 9.20906
1420 0.999983 1.70203e-05 10.9811
1421 0.999999 1.35326e-06 13.513
1422 0.999996 4.44235e-06 12.3243
1423 0.999953 4.747e-05 9.95536
1424 0.999997 2.51222e-06 12.8943
1425 0.999999 1.03204e-06 13.784
1426 0.99999 1.00654e-05 11.5064
1427 0.990284 0.00971605 4.62421
1428 0.994865 0.00513547 5.26643
1429 0.994691 0.00530895 5.23304
1430 0.990584 0.00941577 4.65591
1431 0.990702 0.00929849 4.66856
1432 0.934537 0.0654627 2.65857
1433 0.982029 0.0179705 4.00089
1434 0.99182 0.00817996 4.79785
1435 0.992281 0.00771862 4.85637
1436 0.993725 0.00627512 5.06487
1437 0.998548 0.00145159 6.53364
1438 0.997337 0.00266312 5.92559
1439 0.993071 0.00692916 4.96506
1440 0.999189 0.000811363 7.11598
1441 0.999928 7.2533e-05 9.5314
1442 0.999943 5.68768e-05 9.77457
1443 0.999331 0.000669535 7.30826
1444 0.999514 0.000486142 7.62852
1445 0.999898 0.000102143 9.18903
1446 0.999608 0.000392038 7.84376
1447 0.999943 5.68076e-05 9.77578
1448 0.999197 0.000802583 7.12687
1449 0.998161 0.00183869 6.29686
1450 0.988473 0.0115265 4.45151
1451 0.999845 0.000155132 8.77108
1452 0.999918 8.16494e-05 9.41299
1453 0.99922 0.000780461 7.15485
1454 0.997677 0.00232347 6.06237
1455 0.980731 0.0192689 3.92981
1456 0.998805 0.00119531 6.72815
1457 0.999811 0.000189276 8.57211
1458 0.999001 0.000998886 6.90787
1459 0.995211 0.00478858 5.33672
1460 0.999176 0.000824175 7.1003
1461 0.999753 0.000247301 8.30466
1462 0.999896 0.000103776 9.17317
1463 0.999632 0.000367512 7.90839
1464 0.993246 0.0067535 4.99092
1465 0.997952 0.00204806 6.18881
1466 0.996861 0.00313873 5.76079
1467 0.999238 0.000761713 7.17918
1468 0.998496 0.00150378 6.49827
1469 0.995383 0.00461658 5.37347
1470 0.999419 0.000580588 7.45089
1471 0.999354 0.000646205 7.34375
1472 0.999552 0.000447929 7.71043
1473 0.99569 0.00430984 5.44253
1474 0.999705 0.000295167 8.12767
1475 0.999725 0.000274732 8.19944
1476 0.999921 7.91649e-05 9.4439
1477 0.999994 5.98328e-06 12.0265
1478 0.999992 8.2402e-06 11.7065
1479 0.999987 1.25229e-05 11.2879
1480 0.999998 1.64161e-06 13.3198
1481 0.999632 0.000367982 7.90711
1482 0.999998 1.57989e-06 13.3582
1483 0.999997 2.47788e-06 12.9081
1484 0.999981 1.90183e-05 10.8701
1485 0.999992 8.15142e-06 11.7173
1486 0.999996 4.22771e-06 12.3738
1487 0.997814 0.00218581 6.12358
1488 0.999733 0.000266633 8.22937
1489 0.999819 0.000181267 8.61536
1490 0.999437 0.000563075 7.48153
1491 0.999921 7.88582e-05 9.44778
1492 0.999728 0.000272438 8.20783
1493 0.999712 0.000288073 8.15201
1494 0.999572 0.000428547 7.75468
1495 0.999431 0.000568975 7.4711
1496 0.997584 0.00241551 6.02342
1497 0.999633 0.000366976 7.90985
1498 0.999876 0.000123607 8.99828
1499 0.999937 6.25661e-05 9.67922
1500 0.999937 6.25414e-05 9.67962
1501 0.999981 1.9432e-05 10.8486
1502 0.999909 9.10483e-05 9.30403
1503 0.998222 0.0017778 6.3306
1504 0.999985 1.55353e-05 11.0724
1505 0.999838 0.000162503 8.72465
1506 0.999271 0.000728613 7.22364
