1507 5.97784e-05 0.99994 -9.72481
1508 2.09303e-06 0.999998 -13.0769
1509 5.41889e-05 0.999946 -9.82298
1510 2.63181e-05 0.999974 -10.5452
1511 7.97914e-06 0.999992 -11.7387
1512 1.89595e-06 0.999998 -13.1758
1513 2.42304e-05 0.999976 -10.6279
1514 0.000135664 0.999864 -8.9052
1515 3.38918e-05 0.999966 -10.2923
1516 2.22298e-05 0.999978 -10.7141
1517 0.000324322 0.999676 -8.03345
1518 0.00185614 0.998144 -6.2874
1519 0.00119316 0.998807 -6.72996
1520 5.49823e-05 0.999945 -9.80844
1521 8.02006e-06 0.999992 -11.7336
1522 0.000285111 0.999715 -8.16235
1523 3.37687e-05 0.999966 -10.2959
1524 0.000128042 0.999872 -8.96303
1525 0.000186518 0.999813 -8.58679
1526 0.000101486 0.999899 -9.19549
1527 0.00226999 0.99773 -6.08571
1528 0.00399973 0.996 -5.51752
1529 0.0018866 0.998113 -6.27109
1530 0.00132535 0.998675 -6.62475
1531 0.00116443 0.998836 -6.75436
1532 0.023978 0.976022 -3.70635
1533 0.000519576 0.99948 -7.56198
1534 0.000189457 0.999811 -8.57116
1535 0.00170633 0.998294 -6.3717
1536 7.80245e-05 0.999922 -9.45841
1537 0.0645246 0.935475 -2.67401
1538 0.0153266 0.984673 -4.16272
1539 0.0037871 0.996213 -5.57236
1540 0.0037342 0.996266 -5.58648
1541 0.0003045 0.999696 -8.09653
1542 7.26695e-05 0.999927 -9.52952
1543 0.000135669 0.999864 -8.90515
1544 9.03652e-05 0.99991 -9.31156
1545 0.000182319 0.999818 -8.60957
1546 0.00332569 0.996674 -5.70275
1547 0.000571608 0.999428 -7.46649
1548 0.00507073 0.994929 -5.27919
1549 0.0267922 0.973208 -3.59249
1550 0.0111461 0.988854 -4.48545
1551 0.000700855 0.999299 -7.26251
1552 0.00359155 0.996408 -5.62557
1553 0.00521801 0.994782 -5.25041
1554 0.00110965 0.99889 -6.8026
1555 0.00269774 0.997302 -5.91264
1556 0.00797157 0.992028 -4.82387
1557 0.00542784 0.994572 -5.21077
1558 0.000803335 0.999197 -7.12594
1559 0.010282 0.989718 -4.56702
1560 0.000841402 0.999159 -7.0796
1561 0.000201916 0.999798 -8.50746
1562 0.0015617 0.998438 -6.46041
1563 0.000611567 0.999388 -7.39887
1564 0.00354857 0.996451 -5.63766
1565 0.00112436 0.998876 -6.78941
1566 0.00313127 0.996869 -5.76318
1567 0.000276617 0.999723 -8.1926
1568 0.000901406 0.999099 -7.01065
1569 0.0243407 0.975659 -3.69096
1570 0.0325885 0.967412 -3.39066
1571 0.0261513 0.973849 -3.61736
1572 0.0201799 0.97982 -3.88268
1573 0.0116937 0.988306 -4.43694
1574 0.00284178 0.997158 -5.86048
1575 0.000175331 0.999825 -8.64866
1576 0.0361965 0.963803 -3.28192
1577 0.00890552 0.991095 -4.71214
1578 0.00329444 0.996706 -5.71222
1579 0.0013763 0.998624 -6.58698
1580 1.68807e-05 0.999983 -10.9893
1581 3.31526e-05 0.999967 -10.3144
1582 0.00012755 0.999872 -8.96687
1583 2.95767e-06 0.999997 -12.7311
1584 0.000319975 0.99968 -8.04695
1585 1.7165e-05 0.999983 -10.9726
1586 2.0866e-06 0.999998 -13.08
1587 6.02585e-06 0.999994 -12.0194
1588 8.12696e-05 0.999919 -9.41766
1589 6.10589e-05 0.999939 -9.70361
1590 0.000180013 0.99982 -8.6223
1591 0.001945 0.998055 -6.24054
1592 0.000691763 0.999308 -7.27558
1593 0.000625334 0.999375 -7.3766
1594 0.00303473 0.996965 -5.79459
1595 0.000217123 0.999783 -8.43483
1596 6.07812e-05 0.999939 -9.70817
1597 6.98567e-05 0.99993 -9.56899
1598 3.44268e-05 0.999966 -10.2766
1599 0.000511913 0.999488 -7.57684
1600 0.00025383 0.999746 -8.27859
1601 0.000446181 0.999554 -7.71434
1602 0.0265183 0.973482 -3.60304
1603 0.0144262 0.985574 -4.22418
1604 0.00952466 0.990475 -4.6443
1605 0.0035884 0.996412 -5.62645
1606 0.00332441 0.996676 -5.70313
1607 0.00589722 0.994103 -5.12736
1608 0.00488338 0.995117 -5.31702
1609 0.00251433 0.997486 -5.98323
1610 0.00234647 0.997654 -6.05249
1611 0.00842478 0.991575 -4.76812
1612 0.00282058 0.997179 -5.86799
1613 0.00313017 0.99687 -5.76353
1614 2.79922e-05 0.999972 -10.4836
1615 2.02918e-06 0.999998 -13.1079
1616 8.07219e-06 0.999992 -11.7271
1617 6.06796e-06 0.999994 -12.0125
1618 1.50476e-06 0.999998 -13.4069
1619 3.70026e-06 0.999996 -12.5071
1620 1.37231e-05 0.999986 -11.1964
1621 1.27988e-05 0.999987 -11.2661
1622 1.11973e-05 0.999989 -11.3998
1623 7.36835e-05 0.999926 -9.51566
1624 0.00344494 0.996555 -5.6674
1625 0.00493315 0.995067 -5.30683
1626 7.89983e-06 0.999992 -11.7487
1627 6.02293e-06 0.999994 -12.0199
1628 0.000111841 0.999888 -9.09832
1629 0.00116789 0.998832 -6.75139
1630 7.64358e-05 0.999924 -9.47898
1631 6.05844e-05 0.999939 -9.71141
1632 6.76806e-05 0.999932 -9.60064
1633 0.00010748 0.999892 -9.1381
1634 0.000101897 0.999898 -9.19145
1635 0.000106326 0.999894 -9.1489
1636 0.00861249 0.991388 -4.74589
1637 0.0021609 0.997839 -6.13507
1638 0.00321509 0.996785 -5.73668
1639 0.00184101 0.998159 -6.2956
1640 0.00143027 0.99857 -6.54846
1641 0.00393581 0.996064 -5.5337
1642 0.000167587 0.999832 -8.69384
1643 0.00275152 0.997248 -5.89285
1644 0.00240168 0.997598 -6.02918
1645 0.00811493 0.991885 -4.8059
1646 0.00108059 0.998919 -6.82917
1647 5.0194e-06 0.999995 -12.2022
1648 0.000698775 0.999301 -7.26548
1649 6.20442e-05 0.999938 -9.6876
1650 0.000323901 0.999676 -8.03475
1651 0.00417733 0.995823 -5.4739
1652 1.35472e-05 0.999986 -11.2093
1653 4.76381e-05 0.999952 -9.95183
1654 0.000140263 0.99986 -8.87185
1655 8.1434e-07 0.999999 -14.0209
1656 0.000300437 0.9997 -8.10997
1657 0.000213704 0.999786 -8.4507
1658 0.000128938 0.999871 -8.95605
1659 4.13106e-05 0.999959 -10.0944
1660 0.000177992 0.999822 -8.63359
1661 0.000188416 0.999812 -8.57667
1662 0.000153019 0.999847 -8.7848
1663 0.0820437 0.917956 -2.4149
1664 0.00649536 0.993505 -5.03015
1665 0.0174554 0.982545 -4.0305
1666 0.00717178 0.992828 -4.9304
1667 9.27876e-05 0.999907 -9.2851
1668 0.0208777 0.979122 -3.84797
1669 0.00172569 0.998274 -6.3604
1670 0.000149972 0.99985 -8.80491
1671 0.0102397 0.98976 -4.57119
1672 0.00542769 0.994572 -5.2108
1673 0.00885919 0.991141 -4.7174
1674 0.00162853 0.998372 -6.41845
1675 0.000145477 0.999854 -8.83535
1676 7.47951e-05 0.999925 -9.50068
1677 5.78421e-06 0.999994 -12.0604
1678 9.03549e-07 0.999999 -13.9169
1679 8.64754e-06 0.999991 -11.6582
1680 3.77852e-05 0.999962 -10.1836
1681 6.66089e-05 0.999933 -9.61661
1682 3.60248e-05 0.999964 -10.2313
1683 0.000545574 0.999454 -7.51313
1684 4.81892e-06 0.999995 -12.243
1685 0.00011788 0.999882 -9.04573
1686 0.00101624 0.998984 -6.89063
1687 0.00140525 0.998595 -6.56613
1688 0.000682827 0.999317 -7.28859
1689 2.3771e-05 0.999976 -10.647
1690 0.000162382 0.999838 -8.7254
1691 0.00029769 0.999702 -8.11916
1692 0.00050972 0.99949 -7.58114
1693 0.000288745 0.999711 -8.14968
1694 0.000611654 0.999388 -7.39873
1695 5.56499e-05 0.999944 -9.79637
1696 3.62135e-05 0.999964 -10.226
1697 0.000175508 0.999824 -8.64765
1698 6.79007e-05 0.999932 -9.5974
1699 1.5114e-05 0.999985 -11.0999
1700 1.07272e-05 0.999989 -11.4427
1701 2.82447e-05 0.999972 -10.4746
1702 8.47043e-06 0.999992 -11.6789
1703 4.2748e-06 0.999996 -12.3628
1704 5.0701e-05 0.999949 -9.88951
1705 0.000919342 0.999081 -6.99093
1706 0.00246778 0.997532 -6.00196
1707 0.00034029 0.99966 -7.98537
1708 0.00258522 0.997415 -5.95535
1709 0.00172411 0.998276 -6.36132
1710 0.00329114 0.996709 -5.71323
1711 0.00370465 0.996295 -5.59445
1712 0.00123334 0.998767 -6.6968
1713 0.00795553 0.992044 -4.8259
1714 0.0118173 0.988183 -4.4263
1715 0.00319651 0.996804 -5.74249
1716 0.000481858 0.999518 -7.63738
1717 0.00210458 0.997895 -6.16153
1718 0.000475376 0.999525 -7.65093
1719 0.00862688 0.991373 -4.74421
1720 0.00134701 0.998653 -6.60852
1721 0.0027476 0.997252 -5.89428
1722 0.00115203 0.998848 -6.76508
1723 0.00790621 0.992094 -4.83217
1724 0.00105163 0.998948 -6.85636
1725 0.000551831 0.999448 -7.50172
1726 0.00189419 0.998106 -6.26707
1727 0.00274957 0.99725 -5.89356
1728 0.00253488 0.997465 -5.97507
1729 0.00240358 0.997596 -6.02839
1730 0.00128974 0.99871 -6.65202
1731 0.000573025 0.999427 -7.46401
1732 0.00113388 0.998866 -6.78098
1733 0.00147488 0.998525 -6.5177
1734 0.000602024 0.999398 -7.41461
1735 1.38284e-05 0.999986 -11.1888
1736 7.45436e-06 0.999992 -11.8067
1737 4.49759e-05 0.999955 -10.0093
1738 2.92121e-05 0.999971 -10.4409
1739 1.41855e-05 0.999986 -11.1633
1740 9.23283e-05 0.999908 -9.29007
1741 1.04408e-05 0.99999 -11.4698
1742 8.03887e-06 0.999992 -11.7312
1743 7.69846e-05 0.999923 -9.47183
1744 5.14834e-05 0.999949 -9.8742
1745 5.73752e-05 0.999943 -9.76584
1746 4.82862e-06 0.999995 -12.2409
1747 3.59268e-05 0.999964 -10.234
1748 5.71253e-06 0.999994 -12.0728
1749 2.54915e-06 0.999997 -12.8797
1750 0.000149922 0.99985 -8.80525
1751 0.000150303 0.99985 -8.80271
1752 2.67168e-05 0.999973 -10.5302
1753 6.65318e-06 0.999993 -11.9204
1754 3.96144e-05 0.99996 -10.1363
1755 9.99854e-06 0.99999 -11.5131
1756 0.000204771 0.999795 -8.49341
1757 2.19008e-06 0.999998 -13.0316
1758 9.6604e-06 0.99999 -11.5475
1759 5.03995e-06 0.999995 -12.1981
1760 3.29536e-06 0.999997 -12.623
1761 2.06622e-06 0.999998 -13.0898
1762 4.73974e-06 0.999995 -12.2595
1763 3.73004e-06 0.999996 -12.4991
1764 2.20414e-05 0.999978 -10.7226
1765 0.000132412 0.999868 -8.92946
1766 8.01544e-05 0.99992 -9.43148
1767 9.07319e-05 0.999909 -9.30751
1768 3.05076e-05 0.999969 -10.3975
1769 3.27847e-05 0.999967 -10.3255
1770 0.000428952 0.999571 -7.75374
1771 0.00047387 0.999526 -7.6541
1772 4.57749e-05 0.999954 -9.99173
1773 9.30064e-05 0.999907 -9.28275
1774 0.000169807 0.99983 -8.68068
1775 3.52986e-05 0.999965 -10.2516
1776 0.000102349 0.999898 -9.18702
1777 1.89672e-05 0.999981 -10.8728
1778 0.000442111 0.999558 -7.72351
1779 0.000328307 0.999672 -8.02123
1780 0.000438958 0.999561 -7.73067
1781 0.000149418 0.999851 -8.80862
1782 0.000138651 0.999861 -8.88342
1783 0.000201142 0.999799 -8.5113
1784 7.83838e-05 0.999922 -9.45382
1785 9.73959e-05 0.999903 -9.23663
1786 3.03859e-05 0.99997 -10.4015
1787 5.28753e-05 0.999947 -9.84752
1788 0.000543566 0.999456 -7.51682
1789 1.35623e-05 0.999986 -11.2082
1790 8.48523e-05 0.999915 -9.37451
1791 0.00029775 0.999702 -8.11896
1792 0.000205737 0.999794 -8.48871
1793 0.000105423 0.999895 -9.15742
1794 2.47866e-05 0.999975 -10.6052
1795 0.000130067 0.99987 -8.94733
1796 0.00530209 0.994698 -5.23434
1797 0.00351202 0.996488 -5.64805
1798 7.73584e-05 0.999923 -9.46698
1799 4.64438e-05 0.999954 -9.97722
1800 3.66216e-05 0.999963 -10.2148
1801 8.1162e-05 0.999919 -9.41898
1802 0.00119479 0.998805 -6.72859
1803 0.000161278 0.999839 -8.73222
1804 0.000523229 0.999477 -7.55497
1805 0.00715902 0.992841 -4.9322
1806 0.000359701 0.99964 -7.92988
1807 0.000154162 0.999846 -8.77735
1808 0.00132502 0.998675 -6.625
1809 0.0019141 0.998086 -6.25659
1810 0.00124471 0.998755 -6.6876
1811 0.000352749 0.999647 -7.9494
1812 0.000760143 0.99924 -7.18124
1813 9.9688e-05 0.9999 -9.21337
1814 0.000244882 0.999755 -8.31449
1815 0.00270052 0.997299 -5.91161
1816 0.000159349 0.999841 -8.74426
1817 0.0188022 0.981198 -3.9548
1818 0.000916498 0.999084 -6.99403
1819 0.00271032 0.99729 -5.90797
1820 0.00029392 0.999706 -8.13191
1821 2.33265e-05 0.999977 -10.6659
1822 0.00477556 0.995224 -5.33946
1823 9.66572e-05 0.999903 -9.24424
1824 0.000109093 0.999891 -9.1232
1825 5.45918e-05 0.999945 -9.81557
1826 5.22214e-05 0.999948 -9.85997
1827 5.17403e-05 0.999948 -9.86922
1828 2.89984e-05 0.999971 -10.4482
1829 1.64956e-05 0.999984 -11.0124
1830 0.00036272 0.999637 -7.92152
1831 2.60891e-05 0.999974 -10.554
1832 2.30547e-05 0.999977 -10.6776
1833 9.98422e-06 0.99999 -11.5145
1834 4.1082e-05 0.999959 -10.0999
1835 0.00145412 0.998546 -6.5319
1836 0.000504261 0.999496 -7.59191
1837 0.000318253 0.999682 -8.05235
1838 0.000406472 0.999594 -7.80759
1839 0.000181982 0.999818 -8.61142
1840 0.000727632 0.999272 -7.22499
1841 0.00042272 0.999577 -7.76838
1842 0.00017555 0.999824 -8.64741
1843 0.000305081 0.999695 -8.09463
1844 0.000234203 0.999766 -8.35909
1845 0.000501466 0.999498 -7.59747
1846 0.000745966 0.999254 -7.20008
1847 0.000205703 0.999794 -8.48887
1848 1.23305e-05 0.999988 -11.3034
1849 0.000197565 0.999802 -8.52925
1850 0.000235081 0.999765 -8.35535
1851 1.38841e-05 0.999986 -11.1848
1852 1.91287e-05 0.999981 -10.8643
1853 8.02846e-06 0.999992 -11.7325
1854 3.1133e-05 0.999969 -10.3772
1855 0.000200409 0.9998 -8.51495
1856 0.00038021 0.99962 -7.87441
1857 0.00213672 0.997863 -6.14634
1858 0.000186356 0.999814 -8.58767
1859 0.00391778 0.996082 -5.5383
1860 0.0125611 0.987439 -4.36451
1861 0.00130777 0.998692 -6.63812
1862 1.85698e-05 0.999981 -10.894
1863 0.00337493 0.996625 -5.688
1864 0.00136916 0.998631 -6.59219
1865 0.000235939 0.999764 -8.3517
1866 5.19817e-05 0.999948 -9.86457
1867 0.000237336 0.999763 -8.3458
1868 9.46084e-05 0.999905 -9.26567
1869 4.83406e-05 0.999952 -9.93719
1870 5.68619e-05 0.999943 -9.77483
1871 6.77961e-05 0.999932 -9.59894
1872 2.11195e-05 0.999979 -10.7653
1873 1.24555e-05 0.999988 -11.2933
1874 4.20536e-05 0.999958 -10.0765
1875 0.00122009 0.99878 -6.70761
1876 0.000577469 0.999423 -7.45628
1877 0.000334319 0.999666 -8.00308
1878 0.000353802 0.999646 -7.94642
1879 0.0252199 0.97478 -3.65458
1880 0.00196762 0.998032 -6.22896
1881 0.0135186 0.986481 -4.29007
1882 0.00815773 0.991842 -4.8006
1883 0.0038214 0.996179 -5.56331
1884 0.000342248 0.999658 -7.97963
1885 9.01688e-06 0.999991 -11.6164
1886 2.58294e-05 0.999974 -10.564
1887 4.28881e-06 0.999996 -12.3595
1888 5.62139e-06 0.999994 -12.0889
1889 2.15244e-05 0.999978 -10.7463
1890 5.37511e-06 0.999995 -12.1337
1891 7.38572e-06 0.999993 -11.816
1892 5.38665e-06 0.999995 -12.1316
1893 6.1061e-06 0.999994 -12.0062
1894 1.16396e-05 0.999988 -11.3611
1895 0.00196326 0.998037 -6.23118
1896 7.18447e-05 0.999928 -9.54093
1897 0.0063027 0.993697 -5.06045
1898 0.00346548 0.996534 -5.66143
1899 5.84195e-05 0.999942 -9.7478
1900 0.00118808 0.998812 -6.73423
1901 0.000389958 0.99961 -7.84908
1902 0.000574421 0.999426 -7.46157
1903 0.0111988 0.988801 -4.48069
1904 0.01603 0.98397 -4.11713
1905 4.08166e-05 0.999959 -10.1064
1906 5.56544e-05 0.999944 -9.79629
1907 1.18472e-05 0.999988 -11.3434
1908 3.19386e-05 0.999968 -10.3517
1909 4.04856e-05 0.999959 -10.1145
1910 1.76127e-05 0.999982 -10.9469
1911 6.68018e-06 0.999993 -11.9164
1912 4.10307e-05 0.999959 -10.1011
1913 0.000331225 0.999669 -8.01238
1914 3.4023e-06 0.999997 -12.5911
1915 0.000325093 0.999675 -8.03107
1916 0.00013059 0.999869 -8.94332
1917 1.89592e-05 0.999981 -10.8732
1918 9.67117e-05 0.999903 -9.24368
1919 2.28135e-05 0.999977 -10.6881
1920 0.00177726 0.998223 -6.33091
1921 0.000431972 0.999568 -7.74672
1922 0.00245834 0.997542 -6.00581
1923 0.00122531 0.998775 -6.70334
1924 6.42332e-05 0.999936 -9.65293
1925 0.000314874 0.999685 -8.06302
1927 0.00461025 0.99539 -5.37485
1928 0.00570264 0.994297 -5.16111
1929 0.0373153 0.962685 -3.25032
1930 0.0122143 0.987786 -4.39286
1931 0.0131273 0.986873 -4.31985
1933 0.000629461 0.999371 -7.37002
1934 0.00112352 0.998877 -6.79016
1935 0.00149795 0.998502 -6.50216
1936 0.00148239 0.998518 -6.51262
1937 0.00109108 0.998909 -6.8195
1938 0.00182854 0.998171 -6.30241
1939 0.0117253 0.988275 -4.43421
1940 0.010138 0.989862 -4.58127
1941 0.0031634 0.996837 -5.75294
1942 0.0275111 0.972489 -3.56527
1943 0.000248156 0.999752 -8.3012
1944 0.00145031 0.99855 -6.53453
1945 0.000108548 0.999891 -9.12821
1946 0.00045101 0.999549 -7.70357
1947 0.000899016 0.999101 -7.01331
1948 0.00386489 0.996135 -5.55195
1949 0.000786054 0.999214 -7.1477
1950 0.00225627 0.997744 -6.09179
1951 0.000776629 0.999223 -7.15977
1952 0.000149529 0.99985 -8.80787
1953 0.00126151 0.998738 -6.67419
1954 0.00065461 0.999345 -7.33082
1955 1.7368e-05 0.999983 -10.9609
1956 3.10988e-05 0.999969 -10.3783
1957 4.77805e-05 0.999952 -9.94884
1958 1.25666e-05 0.999987 -11.2845
1959 2.79338e-05 0.999972 -10.4856
1960 4.9e-05 0.999951 -9.92364
1961 1.7727e-05 0.999982 -10.9404
1962 2.72698e-05 0.999973 -10.5097
1963 1.67486e-05 0.999983 -10.9972
1964 0.000107851 0.999892 -9.13465
1965 7.31533e-05 0.999927 -9.52288
1966 9.68055e-05 0.999903 -9.24271
1967 0.000661946 0.999338 -7.31966
1968 0.00197425 0.998026 -6.22559
1969 0.00064567 0.999354 -7.34458
1970 0.000794868 0.999205 -7.13654
1971 0.00041511 0.999585 -7.78655
1972 5.75598e-05 0.999942 -9.76263
1973 0.000178676 0.999821 -8.62976
1974 0.000201016 0.999799 -8.51192
1975 0.00138159 0.998618 -6.58314
1976 0.000483847 0.999516 -7.63326
1977 0.000609263 0.999391 -7.40265
1978 0.00156338 0.998437 -6.45934
1979 0.0106721 0.989328 -4.5294
1980 0.000485544 0.999514 -7.62975
1981 0.000234279 0.999766 -8.35877
1982 0.00033325 0.999667 -8.00629
1983 0.000261095 0.999739 -8.25036
1984 0.00217245 0.997827 -6.12972
1985 0.00120501 0.998795 -6.72006
1986 0.000436752 0.999563 -7.73571
1987 0.00155971 0.99844 -6.4617
1988 0.00472905 0.995271 -5.34929
1989 0.00158368 0.998416 -6.44642
1990 0.00606609 0.993934 -5.09896
1991 0.00305682 0.996943 -5.78732
1992 0.00286565 0.997134 -5.85209
1993 0.00797397 0.992026 -4.82357
1994 0.00134626 0.998654 -6.60908
1995 0.00579123 0.994209 -5.1456
1996 0.0127461 0.987254 -4.3497
1997 0.00979723 0.990203 -4.61581
1998 0.00642311 0.993577 -5.04141
1999 0.00342858 0.996571 -5.67217
2000 0.00624111 0.993759 -5.07034
2001 0.016093 0.983907 -4.11315
2002 0.00254172 0.997458 -5.97237
2003 0.0311684 0.968832 -3.43669
2004 0.00100295 0.998997 -6.90381
2005 0.000371245 0.999629 -7.89828
2006 0.000154099 0.999846 -8.77776
2007 0.00124547 0.998755 -6.687
2008 0.000379414 0.999621 -7.8765
2009 0.00425783 0.995742 -5.45473
2010 0.000294617 0.999705 -8.12954
2011 0.00090749 0.999093 -7.00392
2012 0.000688817 0.999311 -7.27985
2013 0.000194026 0.999806 -8.54732
2014 3.18312e-05 0.999968 -10.355
2015 4.43174e-05 0.999956 -10.0241
2016 0.0001194 0.999881 -9.03291
2017 2.17956e-05 0.999978 -10.7338
2018 6.00159e-05 0.99994 -9.72084
2019 0.000421224 0.999579 -7.77192
2020 7.48516e-05 0.999925 -9.49993
2021 0.000235948 0.999764 -8.35166
2022 4.39756e-05 0.999956 -10.0318
2023 3.37507e-05 0.999966 -10.2965
2024 5.43806e-05 0.999946 -9.81945
2025 1.00466e-05 0.99999 -11.5083
2026 4.99604e-06 0.999995 -12.2069
2027 0.000139619 0.99986 -8.87645
2028 6.47649e-05 0.999935 -9.64468
2029 2.32069e-06 0.999998 -12.9736
2030 4.06633e-05 0.999959 -10.1101
2031 2.25581e-05 0.999977 -10.6994
2032 0.000224808 0.999775 -8.40004
2033 0.000424237 0.999576 -7.76479
2034 0.00141002 0.99859 -6.56274
2035 0.021113 0.978887 -3.83653
2036 0.00520466 0.994795 -5.25298
2037 0.000677276 0.999323 -7.29675
2038 0.00396669 0.996033 -5.52585
2039 0.00826397 0.991736 -4.78755
2040 0.0191724 0.980828 -3.93493
2041 0.0249432 0.975057 -3.6659
2042 0.00675888 0.993241 -4.99012
2043 0.000599323 0.999401 -7.41911
2044 0.00103037 0.99897 -6.8768
2045 0.00333609 0.996664 -5.69962
2046 0.00039366 0.999606 -7.83963
2047 0.000144066 0.999856 -8.8451
2048 0.0010568 0.998943 -6.85145
2049 0.00191305 0.998087 -6.25714
2050 0.000476613 0.999523 -7.64833
2051 2.50624e-05 0.999975 -10.5941
2052 0.00178393 0.998216 -6.32715
2053 1.99426e-05 0.99998 -10.8226
2054 0.0001105 0.999889 -9.11038
2055 0.000116803 0.999883 -9.05491
2056 0.000118472 0.999882 -9.04072
2057 0.000339299 0.999661 -7.98829
2058 0.00802897 0.991971 -4.81664
2059 0.000642301 0.999358 -7.34981
2060 0.000161886 0.999838 -8.72846
2061 0.000298359 0.999702 -8.11691
2062 0.00037434 0.999626 -7.88997
2063 0.00328261 0.996717 -5.71583
2064 0.00138483 0.998615 -6.58079
2065 0.000423107 0.999577 -7.76746
2066 0.00713302 0.992867 -4.93586
2067 0.00254402 0.997456 -5.97146
2068 0.000486669 0.999513 -7.62744
2070 0.000220068 0.99978 -8.42135
2071 0.000171956 0.999828 -8.6681
2072 0.00159764 0.998402 -6.43763
2073 0.000259028 0.999741 -8.25832
2074 0.00514738 0.994853 -5.26411
2075 0.00482858 0.995171 -5.32836
2076 0.00244957 0.99755 -6.00939
2077 0.00364773 0.996352 -5.61
2078 0.000174546 0.999826 -8.65315
2079 0.023821 0.976179 -3.71308
2080 9.84031e-05 0.999902 -9.22634
2081 0.000794501 0.999206 -7.137
2082 0.00329355 0.996706 -5.71249
2083 0.00767233 0.992328 -4.86243
2084 0.000353257 0.999647 -7.94796
2085 0.00237866 0.997621 -6.03884
2086 0.00295233 0.997048 -5.8222
2087 0.000101206 0.999899 -9.19825
2088 0.000204669 0.999795 -8.49391
2089 0.000138019 0.999862 -8.88798
2090 0.000268793 0.999731 -8.2213
2091 0.000580038 0.99942 -7.45184
2092 0.000527303 0.999473 -7.54721
2093 0.00515985 0.99484 -5.26167
2094 0.000577407 0.999423 -7.45639
2095 0.00104179 0.998958 -6.86577
2096 0.00187494 0.998125 -6.2773
2097 0.000491402 0.999509 -7.61776
2098 0.000293292 0.999707 -8.13405
2099 0.000752617 0.999247 -7.1912
2100 0.00234549 0.997654 -6.05291
2101 0.0013658 0.998634 -6.59465
2102 0.000152501 0.999848 -8.78819
2103 4.7837e-05 0.999952 -9.94766
2104 0.000139717 0.99986 -8.87575
2105 7.41299e-05 0.999926 -9.50962
2106 1.17311e-05 0.999988 -11.3533
2107 0.00038956 0.99961 -7.8501
2108 0.000158646 0.999841 -8.74868
2109 0.00125467 0.998745 -6.67963
2110 0.000102818 0.999897 -9.18245
2111 0.000771083 0.999229 -7.16694
2112 6.75188e-05 0.999933 -9.60304
2113 8.47069e-06 0.999992 -11.6789
2114 1.31143e-06 0.999999 -13.5444
2115 1.50931e-06 0.999998 -13.4039
2116 1.04814e-06 0.999999 -13.7685
2117 1.21678e-06 0.999999 -13.6193
2118 8.9936e-05 0.99991 -9.31632
2119 1.4944e-05 0.999985 -11.1112
2120 1.85595e-05 0.999981 -10.8945
2121 1.64428e-05 0.999984 -11.0156
2122 6.66456e-06 0.999993 -11.9187
2123 1.58599e-05 0.999984 -11.0517
2124 7.09168e-05 0.999929 -9.55393
2125 4.59168e-06 0.999995 -12.2913
2126 1.79955e-06 0.999998 -13.228
2127 1.95376e-05 0.99998 -10.8431
2128 9.33923e-05 0.999907 -9.27861
2129 1.21554e-05 0.999988 -11.3177
2130 5.35283e-06 0.999995 -12.1379
2131 0.000108161 0.999892 -9.13178
2132 1.32613e-06 0.999999 -13.5332
2133 1.26934e-05 0.999987 -11.2744
2134 2.10689e-05 0.999979 -10.7677
2135 1.0493e-05 0.99999 -11.4648
2136 1.4324e-05 0.999986 -11.1536
2137 2.07257e-05 0.999979 -10.7841
2138 6.57825e-05 0.999934 -9.62909
2139 2.63919e-05 0.999974 -10.5424
2140 9.44151e-05 0.999906 -9.26772
2141 7.35251e-05 0.999926 -9.51781
2142 0.000149892 0.99985 -8.80545
2143 0.00571679 0.994283 -5.15862
2144 0.00032882 0.999671 -8.01967
2145 0.000441966 0.999558 -7.72383
2146 0.000610641 0.999389 -7.40039
2147 0.00028328 0.999717 -8.16879
2148 0.000169438 0.99983 -8.68285
2149 1.89906e-05 0.999981 -10.8715
2150 0.00490367 0.995096 -5.31286
2151 0.00190869 0.998091 -6.25943
2152 0.00022344 0.999777 -8.40614
2153 0.000289097 0.999711 -8.14846
2154 0.000142845 0.999857 -8.85361
2155 0.00258094 0.997419 -5.95702
2156 2.49154e-06 0.999997 -12.9026
2157 9.41086e-06 0.999991 -11.5736
2158 1.41019e-05 0.999986 -11.1692
2159 2.88769e-06 0.999997 -12.7551
2160 0.0161323 0.983868 -4.11067
2161 4.68798e-05 0.999953 -9.96788
2162 0.00879576 0.991204 -4.72465
2163 0.00309705 0.996903 -5.7742
2164 0.00612563 0.993874 -5.08913
2165 0.0080652 0.991935 -4.8121
2166 0.00137155 0.998628 -6.59044
2167 0.00303261 0.996967 -5.79529
2168 0.000290431 0.99971 -8.14385
2169 0.00226176 0.997738 -6.08935
2170 0.0299045 0.970095 -3.47938
2173 0.00107929 0.998921 -6.83037
2174 0.00034138 0.999659 -7.98217
2175 0.000130473 0.999869 -8.94421
2176 0.0131632 0.986837 -4.31708
2177 0.000612302 0.999388 -7.39767
2178 0.000449545 0.99955 -7.70683
2179 0.0261678 0.973832 -3.61671
2180 0.000513272 0.999487 -7.57419
2181 0.000981734 0.999018 -6.92521
2182 0.000638567 0.999361 -7.35565
2183 0.00111711 0.998883 -6.79589
2184 0.00229284 0.997707 -6.07567
2185 0.000149286 0.999851 -8.80949
2186 0.0018346 0.998165 -6.29909
2187 0.00168887 0.998311 -6.38201
2188 0.000917785 0.999082 -6.99263
2189 0.000170692 0.999829 -8.67548
2190 0.000394038 0.999606 -7.83867
2191 0.00443801 0.995562 -5.4131
2192 0.000794296 0.999206 -7.13726
2194 0.0227201 0.97728 -3.76152
2195 0.00417569 0.995824 -5.47429
2196 0.00224764 0.997752 -6.09563
2197 0.0101926 0.989807 -4.57585
2198 0.00701212 0.992988 -4.95308
2199 0.0309886 0.969011 -3.44266
2201 0.00614023 0.99386 -5.08673
2202 0.0125768 0.987423 -4.36324
2203 0.000356903 0.999643 -7.93769
2204 1.12458e-05 0.999989 -11.3955
2205 3.16693e-05 0.999968 -10.3601
2206 5.44522e-05 0.999946 -9.81813
2207 3.574e-06 0.999996 -12.5418
2208 0.000114919 0.999885 -9.07117
2209 2.35467e-05 0.999976 -10.6565
2210 4.34643e-06 0.999996 -12.3461
2211 3.10481e-05 0.999969 -10.3799
2212 1.67582e-05 0.999983 -10.9966
2213 0.00759016 0.99241 -4.87328
2214 0.00122069 0.998779 -6.70712
2215 0.000369233 0.999631 -7.90371
2216 0.00163615 0.998364 -6.41377
2217 0.000700398 0.9993 -7.26316
2218 0.000737014 0.999263 -7.21217
2219 0.00526726 0.994733 -5.24096
2220 0.00734935 0.992651 -4.90577
2221 0.00247574 0.997524 -5.99874
2222 0.00177108 0.998229 -6.33439
2223 6.10806e-05 0.999939 -9.70325
2224 3.39747e-05 0.999966 -10.2899
2225 4.54332e-05 0.999955 -9.99922
2226 6.98175e-05 0.99993 -9.56956
2227 0.000481637 0.999518 -7.63784
2228 0.000318229 0.999682 -8.05242
2229 5.63169e-05 0.999944 -9.78446
2230 2.9666e-05 0.99997 -10.4255
2231 4.05129e-05 0.999959 -10.1138
2232 0.000206945 0.999793 -8.48285
2233 6.80649e-05 0.999932 -9.59498
2234 0.000349017 0.999651 -7.96004
2235 0.00014104 0.999859 -8.86633
2236 8.22493e-05 0.999918 -9.40567
2237 0.000330934 0.999669 -8.01326
2238 5.76424e-05 0.999942 -9.76119
2239 0.000104515 0.999895 -9.16608
2240 8.32131e-05 0.999917 -9.39402
2241 0.000156038 0.999844 -8.76526
2242 0.000140401 0.99986 -8.87087
2243 0.000321017 0.999679 -8.0437
2244 0.000156509 0.999843 -8.76224
2245 9.43497e-05 0.999906 -9.26841
2246 3.92748e-05 0.999961 -10.1449
2247 4.82022e-05 0.999952 -9.94006
2248 5.2834e-05 0.999947 -9.8483
2249 1.10536e-05 0.999989 -11.4127
2250 6.9022e-05 0.999931 -9.58102
2251 6.64443e-05 0.999934 -9.61908
2252 0.00107484 0.998925 -6.83451
2253 6.8195e-05 0.999932 -9.59307
2254 0.000661295 0.999339 -7.32065
2255 0.000157485 0.999843 -8.75602
2256 0.000108477 0.999892 -9.12887
2257 0.000123882 0.999876 -8.99605
2258 0.000251517 0.999749 -8.28775
2259 0.000617122 0.999383 -7.38983
2260 0.000661699 0.999338 -7.32004
2261 0.000280833 0.999719 -8.17747
2262 0.00117087 0.998829 -6.74883
2263 2.59282e-05 0.999974 -10.5602
2264 9.05161e-06 0.999991 -11.6126
2265 4.64869e-05 0.999954 -9.97629
2266 0.00245482 0.997545 -6.00724
2267 0.000507434 0.999493 -7.58564
2268 0.00246813 0.997532 -6.00183
2269 0.000149539 0.99985 -8.80781
2270 0.000791139 0.999209 -7.14124
2271 5.7559e-05 0.999942 -9.76264
2272 0.000420227 0.99958 -7.77429
2273 1.02067e-05 0.99999 -11.4925
2274 5.24303e-05 0.999948 -9.85597
2275 0.000295832 0.999704 -8.12542
2276 5.47151e-05 0.999945 -9.81332
2277 0.000530279 0.99947 -7.54158
2278 0.000242047 0.999758 -8.32614
2279 6.59567e-05 0.999934 -9.62645
2280 6.843e-05 0.999932 -9.58963
2281 5.11255e-05 0.999949 -9.88118
2282 4.05352e-05 0.999959 -10.1133
2284 0.000439114 0.999561 -7.73031
2285 0.00015372 0.999846 -8.78023
2286 0.000188583 0.999811 -8.57578
2288 0.00617138 0.993829 -5.08164
2290 0.000383029 0.999617 -7.86702
2291 0.0192033 0.980797 -3.93328
2292 0.000644829 0.999355 -7.34588
2293 0.00435938 0.995641 -5.43106
2294 4.7784e-05 0.999952 -9.94877
2295 0.0036029 0.996397 -5.62241
2296 4.37488e-05 0.999956 -10.037
2297 0.00125368 0.998746 -6.68041
2298 0.0154431 0.984557 -4.15503
2299 0.00593427 0.994066 -5.12106
2300 0.0004502 0.99955 -7.70537
2301 0.00308545 0.996915 -5.77797
2302 0.00140593 0.998594 -6.56565
2303 0.000235759 0.999764 -8.35246
2304 0.000225568 0.999774 -8.39666
2305 0.00012532 0.999875 -8.98452
2306 0.000153364 0.999847 -8.78255
2307 0.000726011 0.999274 -7.22722
2308 0.000581431 0.999419 -7.44944
2309 0.000599727 0.9994 -7.41844
2310 7.16795e-05 0.999928 -9.54323
2311 4.20229e-05 0.999958 -10.0773
2312 0.000224417 0.999776 -8.40178
2313 0.00145084 0.998549 -6.53416
2314 0.000236548 0.999763 -8.34912
2315 0.000816366 0.999184 -7.10983
2316 0.00448729 0.995513 -5.40201
2317 8.33163e-05 0.999917 -9.39278
2318 0.000218491 0.999782 -8.42855
2319 8.26168e-05 0.999917 -9.40121
2320 0.000304155 0.999696 -8.09767
2321 0.00031435 0.999686 -8.06469
2322 6.03402e-05 0.99994 -9.71545
2323 0.000966793 0.999033 -6.94056
2324 0.000301081 0.999699 -8.10783
2325 0.000196816 0.999803 -8.53305
2326 0.000197018 0.999803 -8.53202
2327 6.89884e-05 0.999931 -9.5815
2328 2.38946e-05 0.999976 -10.6418
2329 2.35481e-05 0.999976 -10.6564
2330 7.68688e-05 0.999923 -9.47333
2331 0.000443718 0.999556 -7.71988
2332 0.00017318 0.999827 -8.66101
2333 3.35127e-06 0.999997 -12.6062
2334 0.00164838 0.998352 -6.40631
2335 0.000324261 0.999676 -8.03364
2336 0.000152814 0.999847 -8.78613
2337 1.4929e-06 0.999998 -13.4148
2338 1.385e-05 0.999986 -11.1872
2340 5.95691e-05 0.99994 -9.72831
2341 4.29298e-05 0.999957 -10.0559
2342 0.000147818 0.999852 -8.81938
2343 0.00224574 0.997754 -6.09647
2344 0.000954786 0.999045 -6.95307
2345 0.00230801 0.997692 -6.06906
2346 0.00171973 0.99828 -6.36387
2347 0.00226822 0.997732 -6.08649
2348 0.000219263 0.999781 -8.42502
2349 0.00137984 0.99862 -6.58441
2350 0.00169373 0.998306 -6.37913
2351 0.00054002 0.99946 -7.52337
2352 0.000619211 0.999381 -7.38645
2353 0.000256274 0.999744 -8.26901
2354 0.000254505 0.999746 -8.27594
2355 2.39849e-05 0.999976 -10.6381
2356 0.000502345 0.999498 -7.59572
2357 0.00680422 0.993196 -4.98339
2358 2.16224e-05 0.999978 -10.7418
2359 5.04124e-05 0.99995 -9.89522
2360 7.86246e-05 0.999921 -9.45075
2361 0.000190103 0.99981 -8.56776
2362 7.37016e-05 0.999926 -9.51541
2363 1.68378e-05 0.999983 -10.9919
2364 3.19965e-05 0.999968 -10.3499
2365 3.37565e-05 0.999966 -10.2963
2366 0.000383025 0.999617 -7.86703
2367 0.000167361 0.999833 -8.69519
2368 0.000477699 0.999522 -7.64605
2369 0.000397198 0.999603 -7.83068
2370 5.67854e-05 0.999943 -9.77617
2371 0.000121718 0.999878 -9.01368
2372 0.000114996 0.999885 -9.0705
2373 4.98672e-05 0.99995 -9.9061
2374 3.16625e-05 0.999968 -10.3603
2375 6.14416e-05 0.999939 -9.69736
2376 0.000376614 0.999623 -7.88391
2377 0.000117826 0.999882 -9.04618
2378 3.24443e-05 0.999968 -10.336
2379 0.000130924 0.999869 -8.94077
2380 2.06424e-05 0.999979 -10.7881
2381 0.00294938 0.997051 -5.82321
2382 3.02129e-05 0.99997 -10.4072
2383 0.0847859 0.915214 -2.37903
2384 0.00218643 0.997814 -6.1233
2385 0.00289369 0.997106 -5.84232
2386 0.00146922 0.998531 -6.52155
2387 0.0729733 0.927027 -2.54189
2388 0.0374129 0.962587 -3.24761
2389 0.00083134 0.999169 -7.09164
2390 1.07485e-05 0.999989 -11.4407
2391 7.07807e-05 0.999929 -9.55585
2392 0.0105441 0.989456 -4.54159
2393 0.000901545 0.999098 -7.0105
2394 8.45375e-05 0.999915 -9.37823
2395 6.31472e-05 0.999937 -9.66998
2396 1.30529e-05 0.999987 -11.2465
2397 0.000789821 0.99921 -7.14291
2398 0.000192064 0.999808 -8.55749
2399 0.000272817 0.999727 -8.20644
2400 0.00013088 0.999869 -8.9411
2401 0.000166016 0.999834 -8.70326
2402 1.58171e-05 0.999984 -11.0544
2403 0.00230642 0.997694 -6.06975
2404 0.000402322 0.999598 -7.81786
2405 0.00174973 0.99825 -6.34654
2406 0.000916869 0.999083 -6.99363
2407 0.00690729 0.993093 -4.96825
2408 0.00385056 0.996149 -5.55568
2409 0.000361106 0.999639 -7.92598
2410 0.000279272 0.999721 -8.18304
2411 0.00243107 0.997569 -6.01699
2412 0.000138451 0.999861 -8.88486
2413 0.0017711 0.998229 -6.33438
2414 0.000407431 0.999593 -7.80523
2415 0.000137031 0.999863 -8.89517
2416 0.000521237 0.999479 -7.55878
2417 0.000159224 0.999841 -8.74504
2418 0.000613966 0.999386 -7.39496
2419 6.13372e-05 0.999939 -9.69906
2420 5.84893e-05 0.999941 -9.74661
2421 0.00259559 0.997404 -5.95134
2422 0.000996183 0.999004 -6.91058
2423 1.21897e-05 0.999988 -11.3149
2424 0.00160984 0.99839 -6.43001
2425 2.48403e-05 0.999975 -10.603
2426 0.000146354 0.999854 -8.82934
2427 8.62137e-05 0.999914 -9.3586
2428 1.21833e-05 0.999988 -11.3154
2429 8.75197e-05 0.999913 -9.34356
2430 8.72579e-05 0.999913 -9.34655
2431 3.72839e-05 0.999963 -10.1969
2432 0.000110329 0.99989 -9.11193
2433 0.00730943 0.992691 -4.91125
2434 0.00472302 0.995277 -5.35057
2435 0.00058505 0.999415 -7.44323
2436 0.00126321 0.998737 -6.67284
2437 0.00710266 0.992897 -4.94016
2438 0.0120021 0.987998 -4.4106
2439 0.00123781 0.998762 -6.69317
2440 0.0329141 0.967086 -3.38039
2441 0.00983359 0.990166 -4.61207
2442 0.00244827 0.997552 -6.00992
2443 0.00228448 0.997715 -6.07933
2444 0.00649199 0.993508 -5.03067
2445 1.66272e-05 0.999983 -11.0045
2446 0.000383232 0.999617 -7.86649
2447 0.00113878 0.998861 -6.77666
2448 0.000164659 0.999835 -8.71147
2449 0.00797752 0.992023 -4.82312
2450 0.000719088 0.999281 -7.23681
2451 0.0278464 0.972154 -3.55281
2452 0.00149284 0.998507 -6.50558
2453 0.00027249 0.999728 -8.20764
2454 0.000410902 0.999589 -7.79674
2455 0.000606788 0.999393 -7.40672
2457 0.000271545 0.999728 -8.21111
2458 0.000229463 0.999771 -8.37954
2459 0.000259233 0.999741 -8.25752
2460 0.000236515 0.999763 -8.34926
2461 7.2632e-05 0.999927 -9.53003
2462 0.000181121 0.999819 -8.61617
2463 0.000122969 0.999877 -9.00346
2464 9.14612e-05 0.999909 -9.2995
2465 0.000129478 0.999871 -8.95187
2466 0.000408634 0.999591 -7.80228
2467 0.000193795 0.999806 -8.54852
2468 5.41741e-05 0.999946 -9.82325
2469 0.000103226 0.999897 -9.17848
2470 1.2519e-05 0.999987 -11.2883
2471 3.46263e-05 0.999965 -10.2709
2472 4.03531e-05 0.99996 -10.1178
2473 0.000505744 0.999494 -7.58897
2474 0.000118807 0.999881 -9.03789
2475 5.19618e-05 0.999948 -9.86495
2476 9.05481e-05 0.999909 -9.30954
2477 5.73626e-05 0.999943 -9.76606
2478 5.2456e-05 0.999948 -9.85548
2479 7.68613e-05 0.999923 -9.47343
2480 9.80549e-05 0.999902 -9.22989
2481 0.000536985 0.999463 -7.529
2482 0.00409827 0.995902 -5.49308
2483 0.000509569 0.99949 -7.58144
2484 7.4044e-05 0.999926 -9.51078
2485 3.77651e-06 0.999996 -12.4867
2486 5.71663e-06 0.999994 -12.0721
2487 9.40307e-06 0.999991 -11.5745
2488 9.44551e-05 0.999906 -9.26729
2489 1.02358e-05 0.99999 -11.4896
2490 3.1153e-05 0.999969 -10.3766
2491 2.89366e-06 0.999997 -12.753
2492 7.30548e-06 0.999993 -11.8269
2493 5.95203e-05 0.999941 -9.72913
2494 5.01625e-05 0.99995 -9.90019
2495 2.38244e-06 0.999998 -12.9474
2496 2.4173e-05 0.999976 -10.6302
2497 7.33968e-06 0.999993 -11.8222
2498 1.13377e-05 0.999989 -11.3874
2499 1.15379e-05 0.999988 -11.3699
2500 0.000135633 0.999864 -8.90542
2501 0.0195226 0.980477 -3.91646
2502 0.00255966 0.99744 -5.96532
2503 0.00508672 0.994913 -5.27602
2504 0.000279015 0.999721 -8.18397
2505 0.002636 0.997364 -5.93585
2506 0.000466561 0.999533 -7.66965
2507 0.000645095 0.999355 -7.34547
2508 0.000506036 0.999494 -7.5884
2509 0.00246028 0.99754 -6.00502
2510 0.018945 0.981055 -3.94709
2511 0.0207069 0.979293 -3.85636
2512 7.16412e-05 0.999928 -9.54377
2513 1.78979e-06 0.999998 -13.2334
2514 2.24717e-05 0.999977 -10.7032
2515 5.2221e-05 0.999948 -9.85997
2516 3.80851e-05 0.999962 -10.1756
2517 1.26233e-05 0.999987 -11.28
2518 1.40926e-05 0.999986 -11.1698
2519 8.35096e-06 0.999992 -11.6931
2520 6.59352e-06 0.999993 -11.9294
2521 5.22297e-05 0.999948 -9.85981
2522 0.000128775 0.999871 -8.95731
2523 0.000523873 0.999476 -7.55374
2524 0.000170795 0.999829 -8.67487
2525 4.65226e-05 0.999954 -9.97553
2526 0.000225274 0.999775 -8.39797
2527 0.000170511 0.999829 -8.67654
2528 0.00111526 0.998885 -6.79755
2529 0.000586025 0.999414 -7.44156
2530 0.000132387 0.999868 -8.92965
2531 7.39648e-05 0.999926 -9.51185
2532 0.0229954 0.977005 -3.7492
2533 0.000133768 0.999866 -8.91927
2534 0.000312932 0.999687 -8.06921
2535 0.00572431 0.994276 -5.15729
2536 0.000340687 0.999659 -7.98421
2537 0.00153196 0.998468 -6.47967
2538 5.50355e-05 0.999945 -9.80748
2539 0.00713406 0.992866 -4.93571
2540 0.000147772 0.999852 -8.8197
2541 0.000282092 0.999718 -8.17299
2542 0.000315494 0.999685 -8.06106
2543 0.000234037 0.999766 -8.3598
2544 0.000451462 0.999548 -7.70257
2545 0.000323231 0.999677 -8.03682
2546 9.51887e-05 0.999905 -9.25955
2547 0.000914903 0.999085 -6.99578
2548 0.000369986 0.99963 -7.90167
2549 2.65015e-05 0.999974 -10.5383
2550 0.000389967 0.99961 -7.84906
2551 0.00555148 0.994449 -5.18812
2552 7.80327e-06 0.999992 -11.761
2553 2.12699e-05 0.999979 -10.7582
2554 5.33592e-05 0.999947 -9.83841
2555 1.12307e-05 0.999989 -11.3968
2556 8.49551e-05 0.999915 -9.3733
2557 1.82458e-05 0.999982 -10.9116
2558 9.14351e-06 0.999991 -11.6025
2559 3.1416e-05 0.999969 -10.3682
2560 3.75288e-05 0.999962 -10.1904
2561 3.11751e-05 0.999969 -10.3759
2562 0.000835904 0.999164 -7.08616
2563 0.00612739 0.993873 -5.08884
2564 1.35011e-05 0.999987 -11.2127
2565 3.2927e-05 0.999967 -10.3212
2566 8.63301e-05 0.999914 -9.35725
2567 5.5708e-05 0.999944 -9.79533
2568 0.000188409 0.999812 -8.57671
2569 7.85521e-06 0.999992 -11.7543
2570 0.000281302 0.999719 -8.1758
2571 3.24141e-06 0.999997 -12.6395
2572 9.66681e-07 0.999999 -13.8494
2573 5.68096e-05 0.999943 -9.77575
2574 1.89574e-05 0.999981 -10.8733
2575 6.00388e-06 0.999994 -12.0231
2576 2.37737e-05 0.999976 -10.6469
2577 1.9175e-05 0.999981 -10.8619
2578 5.6247e-05 0.999944 -9.7857
2579 2.64711e-05 0.999974 -10.5394
2580 1.7883e-06 0.999998 -13.2342
2581 2.41809e-06 0.999998 -12.9325
2582 2.07231e-05 0.999979 -10.7842
2583 1.74708e-05 0.999982 -10.955
2584 2.66315e-05 0.999973 -10.5334
2585 1.65929e-05 0.999983 -11.0065
2586 5.44279e-05 0.999946 -9.81858
2587 1.58924e-05 0.999984 -11.0497
2588 0.000291926 0.999708 -8.13872
2589 0.000227717 0.999772 -8.38718
2590 0.0017835 0.998216 -6.32739
2591 1.31091e-05 0.999987 -11.2422
2592 6.20432e-05 0.999938 -9.68762
2593 4.66659e-05 0.999953 -9.97245
2594 0.00301566 0.996984 -5.80092
2595 0.00202983 0.99797 -6.19777
2596 0.00328181 0.996718 -5.71607
2597 0.000343648 0.999656 -7.97555
2598 0.00035335 0.999647 -7.9477
2599 4.5725e-06 0.999995 -12.2954
2600 0.00123855 0.998761 -6.69257
2601 0.00403637 0.995964 -5.50837
2602 0.000778673 0.999221 -7.15714
2603 0.000282853 0.999717 -8.1703
2604 0.0156156 0.984384 -4.14374
2605 0.082636 0.917364 -2.40706
2606 0.0456609 0.954339 -3.03978
2607 0.00717273 0.992827 -4.93027
2609 0.0950627 0.904937 -2.25333
2610 0.00312275 0.996877 -5.76591
2611 0.00060999 0.99939 -7.40146
2612 0.0697712 0.930229 -2.59021
2613 0.0395066 0.960493 -3.19098
2614 0.000250594 0.999749 -8.29143
2615 0.0165276 0.983472 -4.08606
2616 0.00213778 0.997862 -6.14585
2617 0.000291545 0.999708 -8.14003
2618 0.00396162 0.996038 -5.52713
2619 0.00175656 0.998243 -6.34264
2620 0.00387805 0.996122 -5.54854
2621 0.000203497 0.999797 -8.49966
2622 0.00051274 0.999487 -7.57523
2623 0.00372708 0.996273 -5.5884
2624 0.000104564 0.999895 -9.16561
2625 0.000470692 0.999529 -7.66083
2626 0.000111845 0.999888 -9.09829
2627 8.27923e-06 0.999992 -11.7018
2628 9.08275e-05 0.999909 -9.30646
2629 0.000115792 0.999884 -9.0636
2630 0.000962425 0.999038 -6.94509
2631 0.000143268 0.999857 -8.85065
2632 0.000286108 0.999714 -8.15885
2633 0.00127592 0.998724 -6.66281
2634 7.32678e-06 0.999993 -11.824
2635 1.61417e-05 0.999984 -11.0341
2636 2.33703e-05 0.999977 -10.664
2637 6.35569e-05 0.999936 -9.66351
2638 1.79786e-05 0.999982 -10.9263
2639 6.68069e-05 0.999933 -9.61364
2640 9.02513e-05 0.99991 -9.31282
2641 9.48182e-05 0.999905 -9.26345
2642 1.4224e-05 0.999986 -11.1606
2643 4.07772e-05 0.999959 -10.1073
2644 5.45295e-06 0.999995 -12.1193
2645 1.95662e-05 0.99998 -10.8417
2646 1.03615e-05 0.99999 -11.4774
2647 0.000342386 0.999658 -7.97923
2648 2.00613e-05 0.99998 -10.8167
2649 1.40122e-05 0.999986 -11.1756
2650 0.00572695 0.994273 -5.15683
2651 2.9028e-05 0.999971 -10.4472
2652 3.63351e-05 0.999964 -10.2227
2653 0.000337869 0.999662 -7.99251
2654 0.00071466 0.999285 -7.24299
2655 0.00125046 0.998749 -6.68299
2656 0.00036989 0.99963 -7.90194
2657 0.0017992 0.998201 -6.31861
2658 0.00028964 0.99971 -8.14658
2659 0.00122487 0.998775 -6.7037
2660 0.00117519 0.998825 -6.74515
2661 0.00033605 0.999664 -7.99791
2662 0.000795311 0.999205 -7.13598
2663 0.000780287 0.99922 -7.15507
2664 4.86082e-05 0.999951 -9.93167
2665 0.000343596 0.999656 -7.9757
2666 0.00035956 0.99964 -7.93027
2667 0.00074755 0.999252 -7.19796
2668 0.000540789 0.999459 -7.52194
2669 0.000188099 0.999812 -8.57835
2670 0.00937381 0.990626 -4.66042
2671 0.000356468 0.999644 -7.93891
2672 0.000680535 0.999319 -7.29195
2673 0.000269763 0.99973 -8.2177
2674 0.000407108 0.999593 -7.80603
2675 9.95483e-05 0.9999 -9.21477
2676 2.11278e-05 0.999979 -10.7649
2677 0.00115017 0.99885 -6.7667
2678 0.000787761 0.999212 -7.14553
2679 4.32042e-05 0.999957 -10.0495
2680 2.41779e-05 0.999976 -10.63
2681 0.000133277 0.999867 -8.92295
2682 0.00108641 0.998914 -6.82379
2683 0.00451691 0.995483 -5.3954
2684 0.00104229 0.998958 -6.86529
2685 0.00753435 0.992466 -4.88072
2686 0.000317037 0.999683 -8.05618
2687 0.00033055 0.999669 -8.01442
2688 0.00148728 0.998513 -6.50932
2689 0.00120502 0.998795 -6.72006
2690 0.000102786 0.999897 -9.18276
2691 0.000501156 0.999499 -7.59809
2692 0.0056602 0.99434 -5.16862
2693 0.000474255 0.999526 -7.65329
2694 0.000548746 0.999451 -7.50733
2695 0.00276291 0.997237 -5.8887
2696 0.00364349 0.996356 -5.61116
2697 0.00267388 0.997326 -5.92155
2698 0.00411559 0.995884 -5.48885
2699 0.00171232 0.998288 -6.36819
2700 0.00306729 0.996933 -5.78389
2701 0.00241462 0.997585 -6.0238
2702 0.000358047 0.999642 -7.93449
2703 0.000923613 0.999076 -6.98629
2704 1.76962e-05 0.999982 -10.9421
2705 7.09512e-05 0.999929 -9.55345
2706 1.85402e-05 0.999981 -10.8955
2707 5.70092e-05 0.999943 -9.77224
2708 9.44734e-05 0.999905 -9.2671
2709 0.000134139 0.999866 -8.9165
2710 0.000131604 0.999868 -8.93559
2711 2.3502e-05 0.999977 -10.6584
2712 6.38791e-06 0.999994 -11.9611
2713 4.9077e-05 0.999951 -9.92207
2714 3.23699e-05 0.999968 -10.3382
2715 0.000363773 0.999636 -7.91862
2716 2.89748e-05 0.999971 -10.4491
2717 7.36724e-05 0.999926 -9.51581
2718 0.000249178 0.999751 -8.29709
2719 0.000416188 0.999584 -7.78396
2720 0.000151144 0.999849 -8.79713
2721 0.000134095 0.999866 -8.91682
2722 0.000563414 0.999437 -7.48093
2723 6.77192e-06 0.999993 -11.9027
2724 3.03614e-05 0.99997 -10.4023
2725 0.000400203 0.9996 -7.82314
2726 4.72528e-05 0.999953 -9.95995
2727 0.000293364 0.999707 -8.1338
2728 0.000230701 0.999769 -8.37416
2729 0.000337916 0.999662 -7.99238
2730 6.30705e-05 0.999937 -9.67119
2731 5.3581e-05 0.999946 -9.83426
2732 5.14263e-05 0.999949 -9.87531
2733 0.000989843 0.99901 -6.91697
2734 6.6999e-05 0.999933 -9.61077
2735 2.58e-05 0.999974 -10.5651
2736 2.44576e-05 0.999976 -10.6185
2737 0.0059718 0.994028 -5.11472
2738 7.83189e-05 0.999922 -9.45464
2739 8.7985e-06 0.999991 -11.6409
2740 0.000296619 0.999703 -8.12277
2741 2.56877e-05 0.999974 -10.5695
2742 2.55257e-05 0.999974 -10.5758
2743 4.29903e-05 0.999957 -10.0545
2744 5.10622e-06 0.999995 -12.185
2745 1.16838e-05 0.999988 -11.3573
2746 0.000148179 0.999852 -8.81694
2747 2.17322e-05 0.999978 -10.7367
2748 5.03336e-05 0.99995 -9.89679
2749 0.000252622 0.999747 -8.28337
2750 3.92894e-06 0.999996 -12.4471
2751 2.04595e-05 0.999979 -10.797
2752 5.82089e-06 0.999994 -12.0541
2753 4.60944e-05 0.999954 -9.98477
2754 3.04315e-05 0.99997 -10.4
2755 9.80293e-05 0.999902 -9.23015
2756 8.45126e-05 0.999915 -9.37852
2757 3.03202e-05 0.99997 -10.4037
2758 0.000210464 0.99979 -8.46599
2759 0.000363469 0.999637 -7.91945
2760 0.00295322 0.997047 -5.8219
2761 0.000325869 0.999674 -8.02869
2762 0.00096958 0.99903 -6.93768
2763 6.20956e-05 0.999938 -9.68677
2764 0.000151852 0.999848 -8.79245
2765 9.02492e-05 0.99991 -9.31285
2766 0.000107383 0.999893 -9.139
2767 0.000123679 0.999876 -8.99769
2768 8.65829e-05 0.999913 -9.35432
2769 2.5115e-05 0.999975 -10.592
2770 6.21916e-05 0.999938 -9.68523
2771 3.31312e-06 0.999997 -12.6176
2772 0.000759215 0.999241 -7.18247
2773 0.000366673 0.999633 -7.91067
2774 0.00711526 0.992885 -4.93837
2775 0.0140255 0.985974 -4.25275
2776 0.0121349 0.987865 -4.39946
2777 0.0701983 0.929802 -2.58365
2778 0.0283849 0.971615 -3.5331
2779 0.00108824 0.998912 -6.82211
2780 0.000927038 0.999073 -6.98259
2781 0.0228043 0.977196 -3.75774
2782 4.27127e-05 0.999957 -10.061
2783 0.00196958 0.99803 -6.22796
2784 9.52634e-05 0.999905 -9.25877
2785 0.000268478 0.999731 -8.22247
2786 3.65307e-05 0.999964 -10.2173
2787 0.000344587 0.999655 -7.97282
2788 0.00072217 0.999278 -7.23253
2789 2.21708e-05 0.999978 -10.7167
2790 2.93911e-05 0.999971 -10.4348
2791 2.67019e-05 0.999973 -10.5307
2792 3.69423e-05 0.999963 -10.2061
2793 1.46533e-05 0.999985 -11.1308
2794 8.56197e-06 0.999991 -11.6682
2795 3.86259e-05 0.999961 -10.1615
2796 3.11732e-06 0.999997 -12.6785
2797 6.97315e-06 0.999993 -11.8734
2798 5.61541e-06 0.999994 -12.09
2799 0.000591171 0.999409 -7.43281
2800 2.73635e-06 0.999997 -12.8089
2801 4.58021e-05 0.999954 -9.99113
2802 7.41926e-05 0.999926 -9.50877
2803 1.51447e-05 0.999985 -11.0978
2804 0.00170385 0.998296 -6.37316
2805 0.00179121 0.998209 -6.32307
2806 0.00877795 0.991222 -4.7267
2807 0.00162285 0.998377 -6.42195
2808 0.00247876 0.997521 -5.99752
2809 0.00117231 0.998828 -6.74761
2810 0.00232827 0.997672 -6.0603
2811 0.00922744 0.990773 -4.6763
2812 7.44272e-05 0.999926 -9.50562
2813 5.37071e-06 0.999995 -12.1345
2814 4.53748e-05 0.999955 -10.0005
2815 9.04441e-05 0.99991 -9.31069
2816 8.18941e-05 0.999918 -9.41
2817 0.000379015 0.999621 -7.87755
2818 0.000106524 0.999893 -9.14703
2819 4.91541e-05 0.999951 -9.9205
2820 1.86398e-05 0.999981 -10.8902
2821 2.00563e-05 0.99998 -10.8169
2822 0.000161301 0.999839 -8.73208
2823 0.00268728 0.997313 -5.91653
2824 2.77212e-05 0.999972 -10.4933
2825 2.70528e-05 0.999973 -10.5177
2826 0.000194653 0.999805 -8.5441
2827 0.000137908 0.999862 -8.88879
2828 6.53032e-05 0.999935 -9.6364
2829 0.000274251 0.999726 -8.20119
2830 4.3521e-06 0.999996 -12.3448
2831 0.000143184 0.999857 -8.85124
2832 0.00027677 0.999723 -8.19205
2833 0.000392408 0.999608 -7.84282
2834 1.48571e-05 0.999985 -11.117
2835 2.46277e-05 0.999975 -10.6116
2836 5.61879e-06 0.999994 -12.0894
2837 1.4602e-05 0.999985 -11.1343
2838 7.95699e-06 0.999992 -11.7415
2839 2.21629e-05 0.999978 -10.7171
2840 3.46015e-05 0.999965 -10.2716
2841 2.20914e-05 0.999978 -10.7203
2842 5.84657e-05 0.999942 -9.74701
2843 1.59275e-05 0.999984 -11.0474
2844 0.000673302 0.999327 -7.30264
2845 0.000115993 0.999884 -9.06186
2846 7.48057e-05 0.999925 -9.50054
2847 0.000103923 0.999896 -9.17176
2848 3.14188e-05 0.999969 -10.3681
2849 1.26435e-05 0.999987 -11.2784
2850 0.000131257 0.999869 -8.93822
2851 1.01177e-05 0.99999 -11.5012
2852 0.000137685 0.999862 -8.8904
2853 6.04331e-05 0.99994 -9.71391
2854 1.39103e-06 0.999999 -13.4855
2855 2.52354e-05 0.999975 -10.5872
2856 4.77775e-05 0.999952 -9.94891
2857 2.71905e-05 0.999973 -10.5126
2858 7.61814e-06 0.999992 -11.785
2859 4.76589e-05 0.999952 -9.95139
2860 0.000175664 0.999824 -8.64676
2861 2.74326e-05 0.999973 -10.5038
2862 0.000168244 0.999832 -8.68992
2863 5.66143e-05 0.999943 -9.77919
2864 0.000125691 0.999874 -8.98156
2865 0.000242472 0.999758 -8.32438
2866 0.000120887 0.999879 -9.02053
2867 7.05932e-07 0.999999 -14.1637
2868 3.59934e-05 0.999964 -10.2321
2869 5.07147e-05 0.999949 -9.88924
2870 9.69406e-06 0.99999 -11.544
2871 2.26058e-05 0.999977 -10.6973
2872 2.39912e-05 0.999976 -10.6378
2873 1.64575e-05 0.999984 -11.0147
2874 0.000307566 0.999692 -8.08651
2875 0.073348 0.926652 -2.53636
2876 0.0187606 0.981239 -3.95706
2877 0.00141402 0.998586 -6.5599
2878 0.0144754 0.985525 -4.22073
2879 0.000663949 0.999336 -7.31664
2880 8.55414e-05 0.999914 -9.36642
2881 0.000602206 0.999398 -7.41431
2882 0.000181663 0.999818 -8.61318
2883 0.0136398 0.98636 -4.28103
2884 0.00048284 0.999517 -7.63534
2885 0.000631157 0.999369 -7.36733
2886 0.000396819 0.999603 -7.83163
2887 0.00595221 0.994048 -5.11802
2888 0.00909079 0.990909 -4.69136
2889 0.00440703 0.995593 -5.42014
2890 0.00499681 0.995003 -5.29395
2891 0.0133049 0.986695 -4.30623
2892 0.0906904 0.90931 -2.30523
2894 0.000406974 0.999593 -7.80635
2895 0.000154064 0.999846 -8.77799
2896 0.000381838 0.999618 -7.87013
2897 0.00726411 0.992736 -4.91752
2898 0.000915448 0.999085 -6.99518
2899 0.0112281 0.988772 -4.47804
2900 0.00521076 0.994789 -5.2518
2901 0.00763101 0.992369 -4.86787
2902 0.00063362 0.999366 -7.36343
2903 0.000180704 0.999819 -8.61847
2904 0.000107211 0.999893 -9.14061
2905 0.000124268 0.999876 -8.99295
2906 0.00017037 0.99983 -8.67737
2907 5.00399e-05 0.99995 -9.90264
2908 0.000519649 0.99948 -7.56184
2909 3.55577e-05 0.999964 -10.2443
2910 0.000118929 0.999881 -9.03686
2911 1.00725e-05 0.99999 -11.5057
2912 3.07343e-05 0.999969 -10.3901
2913 4.8862e-05 0.999951 -9.92646
2914 1.04511e-05 0.99999 -11.4688
2915 9.72191e-06 0.99999 -11.5411
2916 1.57166e-05 0.999984 -11.0608
2917 5.13701e-06 0.999995 -12.179
2918 2.38558e-05 0.999976 -10.6435
2919 0.000180812 0.999819 -8.61787
2920 9.64322e-06 0.99999 -11.5492
2921 1.46411e-05 0.999985 -11.1317
2922 2.94024e-06 0.999997 -12.737
2923 1.62405e-05 0.999984 -11.028
2924 0.00195135 0.998049 -6.23728
2925 0.0058696 0.99413 -5.13208
2926 0.00173839 0.998262 -6.35306
2927 0.00125763 0.998742 -6.67727
2928 0.00119024 0.99881 -6.73241
2929 0.000435147 0.999565 -7.73939
2930 0.0211139 0.978886 -3.83649
2931 0.0216327 0.978367 -3.81168
2932 0.00257933 0.997421 -5.95764
2933 0.0266456 0.973354 -3.59812
2934 5.81009e-05 0.999942 -9.75327
2935 0.00344048 0.99656 -5.6687
2936 0.000107479 0.999892 -9.13811
2937 6.33668e-05 0.999937 -9.66651
2938 4.17786e-05 0.999958 -10.0831
2939 6.12426e-06 0.999994 -12.0032
2940 3.50063e-05 0.999965 -10.2599
2941 9.66548e-05 0.999903 -9.24427
2942 0.000105005 0.999895 -9.16139
2943 0.000157603 0.999842 -8.75528
2944 8.9608e-05 0.99991 -9.31998
2945 7.6386e-05 0.999924 -9.47964
2946 4.61948e-05 0.999954 -9.9826
2947 0.00230159 0.997698 -6.07185
2948 0.00104657 0.998953 -6.86119
2949 0.000212937 0.999787 -8.4543
2950 0.000167488 0.999833 -8.69443
2951 0.000108899 0.999891 -9.12498
2952 0.0264475 0.973552 -3.60579
2953 0.00188754 0.998112 -6.27059
2954 0.000353179 0.999647 -7.94818
2955 4.23682e-05 0.999958 -10.0691
2956 2.36095e-05 0.999976 -10.6538
2957 5.17873e-06 0.999995 -12.1709
2958 4.25809e-05 0.999957 -10.0641
2959 4.48583e-05 0.999955 -10.012
2960 2.28865e-06 0.999998 -12.9875
2961 7.96541e-07 0.999999 -14.043
2962 1.82936e-06 0.999998 -13.2115
2963 2.90094e-05 0.999971 -10.4479
2964 1.48688e-05 0.999985 -11.1162
2965 6.14143e-06 0.999994 -12.0004
2966 5.79763e-05 0.999942 -9.75542
2967 2.66587e-06 0.999997 -12.835
2968 1.14945e-05 0.999989 -11.3736
2969 0.00190249 0.998097 -6.26268
2970 7.46398e-05 0.999925 -9.50276
2971 2.92845e-05 0.999971 -10.4384
2972 8.54998e-05 0.999915 -9.36691
2973 6.29482e-05 0.999937 -9.67313
2974 2.0519e-05 0.999979 -10.7941
2975 4.49971e-06 0.999995 -12.3115
2976 1.02258e-05 0.99999 -11.4906
2977 1.40963e-05 0.999986 -11.1696
2978 1.47664e-05 0.999985 -11.1231
2979 3.14116e-05 0.999969 -10.3683
2980 7.2559e-05 0.999927 -9.53104
2981 4.26696e-05 0.999957 -10.062
2982 6.13297e-05 0.999939 -9.69918
2983 8.39841e-05 0.999916 -9.3848
2984 0.0024797 0.99752 -5.99713
2985 0.000408668 0.999591 -7.8022
2986 0.00277229 0.997228 -5.88531
2988 0.00047039 0.99953 -7.66148
2989 0.000590475 0.99941 -7.43399
2990 0.0295814 0.970419 -3.49058
2991 0.000251527 0.999749 -8.28771
2992 0.000172753 0.999827 -8.66348
2993 0.0140912 0.985909 -4.24802
2994 0.000133637 0.999866 -8.92025
2995 1.5794e-05 0.999984 -11.0559
2996 2.84263e-05 0.999972 -10.4682
2997 1.37657e-05 0.999986 -11.1933
2998 0.000140018 0.99986 -8.8736
2999 2.14453e-05 0.999979 -10.75
3000 7.64174e-05 0.999924 -9.47922
3001 0.000151943 0.999848 -8.79185
3002 0.000170212 0.99983 -8.6783
3003 4.39964e-05 0.999956 -10.0314
3004 7.89053e-06 0.999992 -11.7498
3005 0.00940309 0.990597 -4.65727
3006 0.000152988 0.999847 -8.785
3007 5.08908e-05 0.999949 -9.88578
3008 1.34374e-05 0.999987 -11.2175
3010 0.000214839 0.999785 -8.44541
3011 0.00170221 0.998298 -6.37413
3012 4.4126e-05 0.999956 -10.0284
3013 8.58411e-05 0.999914 -9.36293
